2500 100 
2 50 
2 2 2 2 2 2 2 2 2 2 2 2 2 2 2 2 2 2 2 2 2 2 2 2 2 2 2 2 2 2 2 2 2 2 2 2 2 2 2 2 2 2 2 2 2 2 2 2 2 2 2 2 2 2 2 2 2 2 2 2 2 2 2 2 2 2 2 2 2 2 2 2 2 2 2 2 2 2 2 2 2 2 2 2 2 2 2 2 2 2 2 2 2 2 2 2 2 2 2 2 2 2 2 2 2 2 2 2 2 2 2 2 2 2 2 2 2 2 2 2 2 2 2 2 2 2 2 2 2 2 2 2 2 2 2 2 2 2 2 2 2 2 2 2 2 2 2 2 2 2 2 2 2 2 2 2 2 2 2 2 2 2 2 2 2 2 2 2 2 2 2 2 2 2 2 2 2 2 2 2 2 2 2 2 2 2 2 2 2 2 2 2 2 2 2 2 2 2 2 2 2 2 2 2 2 2 2 2 2 2 2 2 2 2 2 2 2 2 2 2 2 2 2 2 2 2 2 2 2 2 2 2 2 2 2 2 2 2 2 2 2 2 2 2 2 2 2 2 2 2 2 2 2 2 2 2 2 2 2 2 2 2 2 2 2 2 2 2 2 2 2 2 2 2 2 2 2 2 2 2 2 2 2 2 2 2 2 2 2 2 2 2 2 2 2 2 2 2 2 2 2 2 2 2 2 2 2 2 2 2 2 2 2 2 2 2 2 2 2 2 2 2 2 2 2 2 2 2 2 2 2 2 2 2 2 2 2 2 2 2 2 2 2 2 2 2 2 2 2 2 2 2 2 2 2 2 2 2 2 2 2 2 2 2 2 2 2 2 2 2 2 2 2 2 2 2 2 2 2 2 2 2 2 2 2 2 2 2 2 2 2 2 2 2 2 2 2 2 2 2 2 2 2 2 2 2 2 2 2 2 2 2 2 2 2 2 2 2 2 2 2 2 2 2 2 2 2 2 2 2 2 2 2 2 2 2 2 2 2 2 2 2 2 2 2 2 2 2 2 2 2 2 2 2 2 2 2 2 2 2 2 2 2 2 2 2 2 2 2 2 2 2 2 2 2 2 2 2 2 2 2 2 2 2 2 2 2 2 2 2 2 2 2 2 2 2 2 2 2 2 2 2 2 2 2 2 2 2 2 2 2 2 2 2 2 2 2 2 2 2 2 2 2 2 2 2 2 2 2 2 2 2 2 2 2 2 2 2 2 2 2 2 2 2 2 2 2 2 2 2 2 2 2 2 2 2 2 2 2 2 2 2 2 2 2 2 2 2 2 2 2 2 2 2 2 2 2 2 2 2 2 2 2 2 2 2 2 2 2 2 2 2 2 2 2 2 2 2 2 2 2 2 2 2 2 2 2 2 2 2 2 2 2 2 2 2 2 2 2 2 2 2 2 2 2 2 2 2 2 2 2 2 2 2 2 2 2 2 2 2 2 2 2 2 2 2 2 2 2 2 2 2 2 2 2 2 2 2 2 2 2 2 2 2 2 2 2 2 2 2 2 2 2 2 2 2 2 2 2 2 2 2 2 2 2 2 2 2 2 2 2 2 2 2 2 2 2 2 2 2 2 2 2 2 2 2 2 2 2 2 2 2 2 2 2 2 2 2 2 2 2 2 2 2 2 2 2 2 2 2 2 2 2 2 2 2 2 2 2 2 2 2 2 2 2 2 2 2 2 2 2 2 2 2 2 2 2 2 2 2 2 2 2 2 2 2 2 2 2 2 2 2 2 2 2 2 2 2 2 2 2 2 2 2 2 2 2 2 2 2 2 2 2 2 2 2 2 2 2 2 2 2 2 2 2 2 2 2 2 2 2 2 2 2 2 2 2 2 2 2 2 2 2 2 2 2 2 2 2 2 2 2 2 2 2 2 2 2 2 2 2 2 2 2 2 2 2 2 2 2 2 2 2 2 2 2 2 2 2 2 2 2 2 2 2 2 2 2 2 2 2 2 2 2 2 2 2 2 2 2 2 2 2 2 2 2 2 2 2 2 2 2 2 2 2 2 2 2 2 2 2 2 2 2 2 2 2 2 2 2 2 2 2 2 2 2 2 2 2 2 2 2 2 2 2 2 2 2 2 2 2 2 2 2 2 2 2 2 2 2 2 2 2 2 2 2 2 2 2 2 2 2 2 2 2 2 2 2 2 2 2 2 2 2 2 2 2 2 2 2 2 2 2 2 2 2 2 2 2 2 2 2 2 2 2 2 2 2 2 2 2 2 2 2 2 2 2 2 2 2 2 2 2 2 2 2 2 2 2 2 2 2 2 2 2 2 2 2 2 2 2 2 2 2 2 2 2 2 2 2 2 2 2 2 2 2 2 2 2 2 2 2 2 2 2 2 2 2 2 2 2 2 2 2 2 2 2 2 2 2 2 2 2 2 2 2 2 2 2 2 2 2 2 2 2 2 2 2 2 2 2 2 2 2 2 2 2 2 2 2 2 2 2 2 2 2 2 2 2 2 2 2 2 2 2 2 2 2 2 2 2 2 2 2 2 2 2 2 2 2 2 2 2 2 2 2 2 2 2 2 2 2 2 2 2 2 2 2 2 2 2 2 2 2 2 2 2 2 2 2 2 2 2 2 2 2 2 2 2 2 2 2 2 2 2 2 2 2 2 2 2 2 2 2 2 2 2 2 2 2 2 2 2 2 2 2 2 2 2 2 2 2 2 2 2 2 2 2 2 2 2 2 2 2 2 2 2 2 2 2 2 2 2 2 2 2 2 2 2 2 2 2 2 2 2 2 2 2 2 2 2 2 2 2 2 2 2 2 2 2 2 2 2 2 2 2 2 2 2 2 2 2 2 2 2 2 2 2 2 2 2 2 2 2 2 2 2 2 2 2 2 2 2 2 2 2 2 2 2 2 2 2 2 2 2 2 2 2 2 2 2 2 2 2 2 2 2 2 2 2 2 2 2 2 2 2 2 2 2 2 2 2 2 2 2 2 2 2 2 2 2 2 2 2 2 2 2 2 2 2 2 2 2 2 2 2 2 2 2 2 2 2 2 2 2 2 2 2 2 2 2 2 2 2 2 2 2 2 2 2 2 2 2 2 2 2 2 2 2 2 2 2 2 2 2 2 2 2 2 2 2 2 2 2 2 2 2 2 2 2 2 2 2 2 2 2 2 2 2 2 2 2 2 2 2 2 2 2 2 2 2 2 2 2 2 2 2 2 2 2 2 2 2 2 2 2 2 2 2 2 2 2 2 2 2 2 2 2 2 2 2 2 2 2 2 2 2 2 2 2 2 2 2 2 2 2 2 2 2 2 2 2 2 2 2 2 2 2 2 2 2 2 2 2 2 2 2 2 2 2 2 2 2 2 2 2 2 2 2 2 2 2 2 2 2 2 2 2 2 2 2 2 2 2 2 2 2 2 2 2 2 2 2 2 2 2 2 2 2 2 2 2 2 2 2 2 2 2 2 2 2 2 2 2 2 2 2 2 2 2 2 2 2 2 2 2 2 2 2 2 2 2 2 2 2 2 2 2 2 2 2 2 2 2 2 2 2 2 2 2 2 2 2 2 2 2 2 2 2 2 2 2 2 2 2 2 2 2 2 2 2 2 2 2 2 2 2 2 2 2 2 2 2 2 2 2 2 2 2 2 2 2 2 2 2 2 2 2 2 2 2 2 2 2 2 2 2 2 2 2 2 2 2 2 2 2 2 2 2 2 2 2 2 2 2 2 2 2 2 2 2 2 2 2 2 2 2 2 2 2 2 2 2 2 2 2 2 2 2 2 2 2 2 2 2 2 2 2 2 2 2 2 2 2 2 2 2 2 2 2 2 2 2 2 2 2 2 2 2 2 2 2 2 2 2 2 2 2 2 2 2 2 2 2 2 2 2 2 2 2 2 2 2 2 2 2 2 2 2 2 2 2 2 2 2 2 2 2 2 2 2 2 2 2 2 2 2 2 2 2 2 2 2 2 2 2 2 2 2 2 2 2 2 2 2 2 2 2 2 2 2 2 2 2 2 2 2 2 2 2 2 2 2 2 2 2 2 2 2 2 2 2 2 2 2 2 2 2 2 2 2 2 2 2 2 2 2 2 2 2 2 2 2 2 2 2 2 2 2 2 2 2 2 2 2 2 2 2 2 2 2 2 2 2 2 2 2 2 2 2 2 2 2 2 2 2 2 2 2 2 2 2 2 2 2 2 2 2 2 2 2 2 2 2 2 2 2 2 2 2 2 2 2 2 2 2 2 2 2 2 2 2 2 2 2 2 2 2 2 2 2 2 2 2 2 2 2 2 2 2 2 2 2 2 2 2 2 2 2 2 2 2 2 2 2 2 2 2 2 2 2 2 2 2 2 2 2 2 2 2 2 2 2 2 2 2 2 2 2 2 2 2 2 2 2 2 2 2 2 2 2 2 2 2 2 2 2 2 2 2 2 2 2 2 2 2 2 2 2 2 2 2 2 2 2 2 2 2 2 2 2 2 2 2 2 2 2 2 2 2 2 2 2 2 2 2 2 2 2 2 2 2 2 2 2 2 2 2 2 2 2 2 2 2 2 2 2 2 2 2 2 2 2 2 2 2 2 2 2 2 2 2 2 2 2 2 2 2 2 2 2 2 2 2 2 2 2 2 2 2 2 2 2 2 2 2 2 2 2 2 2 2 2 2 2 2 2 2 2 2 2 2 2 2 2 2 2 2 2 2 2 2 2 2 2 2 2 2 2 2 2 2 2 2 2 2 2 2 2 2 2 2 2 2 2 2 2 2 2 2 2 2 2 2 2 2 2 2 2 2 2 2 2 2 2 2 2 2 2 2 2 2 2 2 2 2 2 2 2 2 2 2 2 2 2 2 2 2 2 2 2 2 2 2 2 2 2 2 2 2 2 2 2 2 2 2 2 2 2 2 2 2 2 2 2 2 2 2 2 2 2 2 2 2 2 2 2 2 2 2 2 2 2 2 2 2 2 2 2 2 2 2 2 2 2 2 2 2 2 2 2 2 2 2 2 2 2 2 2 2 2 2 2 2 2 2 2 2 2 2 2 2 2 2 2 2 2 2 2 2 2 2 2 2 2 2 2 2 2 2 2 2 2 2 2 2 2 2 2 2 2 2 2 2 2 2 2 2 2 2 2 2 2 2 2 2 2 2 2 2 2 2 2 2 2 2 2 2 2 2 2 2 2 2 2 2 2 2 2 2 2 2 2 2 2 2 2 2 2 2 2 2 2 2 2 2 2 2 2 2 2 2 2 2 2 2 2 2 2 2 2 2 2 2 2 2 2 2 2 2 2 2 2 2 2 2 2 2 2 2 2 2 2 2 2 2 2 2 2 2 2 2 2 2 2 2 2 2 2 2 2 2 2 2 2 2 2 2 2 2 2 2 2 2 2 2 2 2 2 2 2 2 2 2 2 2 2 2 2 2 2 2 2 2 2 2 2 2 2 2 2 2 2 2 2 2 2 2 2 2 2 2 2 2 2 2 2 2 2 2 2 2 2 2 2 2 2 2 2 2 2 2 2 2 2 2 2 2 2 2 2 2 2 2 2 2 2 2 2 2 2 2 2 2 2 2 2 2 2 2 2 2 2 2 2 2 2 2 2 2 2 2 2 2 2 2 2 2 2 2 2 2 2 2 2 2 2 2 2 2 
50 50 50 50 50 50 50 50 50 50 50 50 50 50 50 50 50 50 50 50 50 50 50 50 50 50 50 50 50 50 50 50 50 50 50 50 50 50 50 50 50 50 50 50 50 50 50 50 50 50 50 50 50 50 50 50 50 50 50 50 50 50 50 50 50 50 50 50 50 50 50 50 50 50 50 50 50 50 50 50 50 50 50 50 50 50 50 50 50 50 50 50 50 50 50 50 50 50 50 50 

62 71 
26 64 
38 55 
83 95 
2 59 
27 35 
33 34 
48 77 
60 94 
4 10 
11 53 
65 99 
66 91 
47 97 
45 49 
16 22 
82 87 
15 17 
25 81 
23 29 
28 89 
18 69 
57 70 
72 78 
86 96 
58 63 
9 43 
30 98 
50 88 
7 40 
42 76 
6 85 
56 90 
24 68 
19 41 
51 93 
5 73 
8 100 
12 80 
52 74 
39 54 
32 75 
79 84 
13 61 
46 92 
3 44 
1 21 
14 37 
20 31 
36 67 
83 93 
44 63 
49 72 
31 74 
16 77 
38 85 
28 68 
13 36 
3 58 
2 84 
56 65 
60 78 
34 66 
35 39 
22 62 
15 25 
51 95 
26 90 
1 50 
12 23 
45 97 
46 98 
21 88 
37 57 
61 87 
30 92 
16 71 
24 89 
29 80 
19 100 
11 67 
4 43 
18 94 
73 99 
14 70 
8 40 
33 91 
5 65 
48 71 
8 41 
56 64 
20 52 
17 81 
54 76 
6 55 
9 10 
7 100 
27 54 
32 96 
13 82 
47 49 
75 86 
59 79 
36 53 
60 69 
27 42 
15 63 
17 58 
81 93 
23 74 
69 72 
25 83 
73 85 
2 76 
53 61 
30 88 
29 52 
15 95 
62 77 
7 41 
55 73 
11 68 
2 39 
19 40 
24 67 
47 78 
47 94 
45 94 
50 98 
4 90 
67 82 
35 84 
27 79 
26 43 
1 46 
3 81 
18 66 
38 99 
20 75 
24 87 
5 64 
70 96 
9 64 
51 63 
44 95 
34 69 
21 92 
5 6 
5 10 
14 32 
18 97 
22 48 
37 75 
31 86 
61 89 
33 72 
20 80 
42 59 
12 75 
12 57 
13 28 
91 97 
1 30 
23 32 
54 84 
19 83 
90 99 
7 83 
26 38 
22 78 
22 49 
40 93 
60 62 
7 44 
28 53 
14 29 
35 59 
45 66 
74 96 
77 94 
8 51 
50 92 
31 37 
16 18 
52 86 
70 80 
3 100 
10 55 
36 89 
68 82 
19 58 
17 41 
46 88 
39 42 
76 79 
43 85 
66 71 
21 98 
9 65 
11 87 
6 56 
34 48 
25 100 
4 65 
33 77 
29 57 
62 91 
2 27 
4 64 
17 40 
14 74 
25 41 
57 86 
6 9 
3 15 
55 90 
48 88 
53 82 
36 87 
44 93 
54 59 
69 88 
33 88 
10 56 
46 71 
20 23 
28 67 
45 46 
39 79 
13 24 
26 73 
21 34 
19 51 
43 99 
97 98 
52 70 
30 91 
58 95 
11 89 
1 49 
61 68 
37 80 
63 81 
65 85 
12 96 
50 60 
31 32 
35 76 
21 47 
42 84 
8 58 
16 92 
71 78 
5 38 
30 72 
43 55 
24 53 
22 97 
82 89 
36 68 
42 49 
14 20 
11 13 
33 42 
64 99 
48 98 
6 26 
29 96 
32 52 
18 50 
28 87 
59 91 
23 37 
15 93 
70 75 
61 67 
39 77 
41 63 
80 86 
8 44 
34 84 
57 74 
12 31 
9 73 
85 90 
47 76 
16 35 
2 69 
79 94 
54 62 
3 83 
25 40 
17 51 
10 99 
27 60 
95 100 
4 38 
35 66 
7 81 
38 56 
45 76 
1 39 
72 84 
54 78 
27 92 
53 100 
37 52 
33 45 
16 98 
74 80 
34 59 
9 90 
53 58 
1 48 
79 97 
20 96 
4 6 
61 63 
32 57 
11 25 
55 65 
64 85 
24 95 
51 68 
56 73 
40 67 
3 36 
19 28 
29 75 
13 44 
30 47 
17 82 
12 14 
10 26 
92 94 
24 93 
46 91 
83 87 
22 69 
18 49 
7 11 
2 66 
23 86 
50 79 
77 78 
5 43 
31 70 
21 72 
71 76 
8 61 
15 89 
47 62 
41 87 
67 81 
33 60 
32 80 
6 99 
21 42 
74 75 
84 98 
26 65 
23 70 
8 83 
68 81 
69 92 
40 95 
55 64 
36 63 
20 57 
50 72 
1 66 
7 58 
13 51 
30 60 
39 88 
89 100 
18 78 
29 31 
25 44 
2 94 
16 45 
12 52 
10 85 
34 62 
17 28 
46 54 
43 56 
5 90 
27 91 
4 73 
82 93 
49 71 
3 41 
15 19 
35 97 
59 77 
37 96 
22 27 
48 60 
9 38 
14 86 
48 54 
38 53 
8 38 
9 28 
57 71 
18 30 
14 71 
2 33 
41 99 
47 59 
22 57 
5 24 
14 98 
88 94 
37 76 
7 64 
29 50 
12 49 
46 70 
35 52 
36 55 
13 90 
75 91 
20 62 
56 81 
15 56 
73 95 
32 66 
39 86 
31 34 
74 84 
4 100 
6 89 
63 65 
32 78 
10 17 
42 80 
92 96 
3 43 
69 86 
20 97 
12 16 
83 85 
23 77 
65 67 
45 52 
6 93 
79 80 
26 44 
9 61 
51 99 
64 68 
5 11 
1 23 
19 90 
10 25 
72 96 
43 87 
4 40 
58 85 
55 82 
21 37 
42 78 
29 62 
74 94 
93 100 
81 95 
16 91 
66 72 
48 79 
3 61 
19 24 
11 26 
51 87 
1 84 
13 58 
35 49 
31 88 
7 82 
59 70 
44 53 
69 98 
22 39 
92 97 
73 89 
41 67 
30 32 
8 15 
2 21 
25 36 
17 83 
40 63 
54 75 
76 77 
20 33 
68 73 
5 28 
34 46 
27 45 
47 50 
52 60 
18 31 
9 41 
22 75 
7 10 
26 51 
69 74 
6 87 
76 86 
70 94 
39 72 
78 92 
17 44 
25 28 
8 64 
91 96 
83 99 
40 89 
4 36 
34 57 
1 80 
43 53 
77 97 
18 23 
27 88 
3 82 
11 95 
47 66 
45 84 
30 79 
19 61 
63 100 
58 67 
21 60 
33 98 
37 59 
42 48 
13 38 
2 50 
68 90 
24 85 
16 29 
14 54 
35 62 
37 49 
41 56 
65 93 
55 81 
12 46 
4 15 
69 71 
74 76 
9 82 
14 22 
12 21 
24 56 
60 80 
2 46 
54 96 
45 59 
29 48 
5 83 
16 88 
17 38 
51 53 
55 58 
27 32 
3 90 
86 94 
20 78 
70 97 
75 98 
43 95 
52 92 
61 93 
10 89 
15 67 
18 62 
81 99 
11 63 
35 50 
8 36 
44 68 
49 79 
25 64 
23 34 
57 91 
6 13 
71 84 
65 87 
1 33 
19 73 
26 100 
39 47 
30 42 
31 72 
40 85 
7 28 
66 77 
26 28 
49 54 
3 24 
63 82 
74 97 
42 96 
45 50 
6 68 
19 81 
20 66 
72 80 
62 92 
4 83 
16 79 
44 85 
47 52 
38 67 
78 88 
70 84 
14 91 
64 89 
31 77 
61 99 
9 15 
40 56 
36 93 
55 100 
7 90 
1 75 
10 87 
41 95 
18 21 
12 59 
39 98 
17 65 
27 34 
25 51 
13 73 
60 76 
32 69 
5 58 
29 33 
48 86 
71 94 
8 11 
43 68 
37 46 
2 23 
22 30 
35 57 
53 73 
80 92 
65 89 
62 70 
34 76 
38 95 
40 99 
22 50 
10 93 
51 55 
20 84 
12 39 
28 85 
9 44 
78 86 
71 97 
31 60 
56 82 
46 74 
69 91 
17 24 
29 66 
23 79 
96 98 
87 100 
3 11 
5 15 
53 81 
26 36 
27 37 
45 48 
32 49 
42 57 
2 14 
1 16 
13 83 
63 64 
52 88 
19 43 
25 61 
4 58 
72 75 
35 94 
18 59 
30 77 
33 47 
67 90 
41 93 
6 8 
21 54 
7 38 
17 43 
33 35 
22 96 
16 60 
1 59 
41 55 
57 98 
53 83 
14 79 
18 80 
56 58 
63 90 
15 68 
4 61 
84 91 
29 30 
7 36 
23 72 
26 82 
32 76 
75 88 
5 100 
46 47 
81 89 
42 62 
49 70 
13 65 
45 69 
34 94 
9 24 
2 78 
8 28 
12 50 
37 48 
3 6 
20 27 
64 95 
51 67 
31 71 
21 77 
52 54 
39 74 
19 44 
10 67 
11 99 
25 73 
86 97 
40 87 
51 85 
66 92 
9 81 
22 94 
21 32 
52 71 
73 87 
3 40 
16 20 
15 26 
66 88 
28 63 
34 39 
19 36 
56 83 
47 69 
85 100 
27 74 
82 95 
25 58 
1 31 
72 76 
50 91 
18 46 
33 70 
6 17 
12 30 
90 93 
35 48 
54 97 
4 44 
57 77 
80 98 
10 53 
5 61 
2 75 
29 49 
8 43 
13 64 
14 42 
37 62 
38 89 
60 96 
11 55 
41 68 
59 86 
23 92 
7 65 
78 79 
14 45 
24 99 
84 88 
2 80 
27 70 
5 40 
60 66 
42 75 
17 61 
56 100 
22 76 
20 59 
36 99 
24 55 
58 87 
18 33 
50 77 
21 71 
28 95 
78 91 
1 97 
4 41 
32 39 
23 45 
83 89 
19 65 
31 92 
34 96 
12 84 
16 47 
15 85 
37 69 
62 72 
29 46 
30 54 
53 90 
44 67 
25 82 
48 74 
13 43 
3 38 
52 98 
73 93 
57 79 
9 51 
26 81 
32 94 
49 86 
10 63 
6 7 
17 64 
11 93 
68 83 
21 35 
8 10 
33 86 
35 69 
3 64 
59 60 
4 51 
29 94 
30 74 
44 89 
6 25 
61 85 
27 77 
1 14 
42 97 
76 98 
9 36 
43 63 
2 57 
31 79 
65 95 
12 78 
40 53 
45 62 
24 26 
47 80 
48 72 
39 92 
50 71 
23 91 
22 52 
67 73 
5 41 
11 56 
68 100 
37 84 
20 46 
28 55 
19 82 
7 15 
54 66 
88 96 
8 90 
16 70 
18 75 
13 81 
34 49 
38 87 
58 99 
13 41 
12 33 
18 39 
22 59 
31 35 
26 58 
74 78 
14 47 
2 16 
1 27 
45 96 
46 60 
76 92 
25 43 
42 94 
66 98 
49 88 
6 67 
64 93 
30 86 
8 65 
37 50 
5 82 
7 24 
38 63 
87 90 
23 54 
4 81 
62 79 
48 70 
10 19 
15 55 
20 21 
3 28 
99 100 
44 56 
71 75 
17 73 
77 80 
61 95 
11 85 
9 83 
32 97 
52 72 
34 50 
29 84 
51 89 
91 94 
40 68 
6 53 
42 69 
36 56 
57 92 
57 88 
81 85 
16 37 
10 13 
8 73 
26 41 
29 97 
34 78 
2 96 
67 100 
58 93 
21 22 
11 19 
4 28 
70 76 
25 38 
43 89 
17 90 
15 87 
23 60 
3 51 
5 36 
47 75 
24 63 
31 54 
52 77 
49 74 
46 86 
20 30 
12 66 
14 72 
62 98 
53 64 
55 83 
32 33 
44 99 
59 71 
39 91 
18 84 
65 68 
7 61 
45 80 
27 72 
9 40 
48 92 
1 69 
35 80 
90 95 
82 85 
69 79 
41 89 
54 94 
5 44 
19 64 
26 40 
28 93 
6 63 
16 32 
45 57 
2 31 
18 48 
76 88 
30 70 
15 99 
49 60 
67 83 
25 65 
9 100 
51 56 
37 97 
50 74 
20 39 
8 24 
11 17 
12 62 
29 59 
10 95 
14 77 
66 86 
35 78 
75 79 
58 68 
52 91 
3 73 
41 53 
55 61 
4 82 
23 47 
22 84 
81 87 
30 34 
7 43 
27 98 
38 68 
21 74 
42 46 
71 96 
1 94 
13 40 
33 92 
36 85 
28 99 
89 90 
42 50 
3 10 
35 96 
13 15 
8 82 
36 95 
37 39 
16 54 
26 61 
23 71 
52 79 
12 97 
63 73 
18 27 
84 86 
57 72 
62 88 
1 76 
44 55 
63 83 
31 47 
43 67 
5 81 
21 91 
45 78 
46 77 
32 59 
4 11 
6 19 
53 65 
2 49 
38 93 
14 34 
64 87 
17 100 
22 66 
56 61 
29 69 
24 25 
20 48 
60 75 
7 51 
21 70 
54 80 
9 58 
22 33 
31 98 
48 91 
50 70 
46 79 
13 100 
7 73 
3 65 
12 27 
30 45 
82 99 
49 77 
88 97 
28 56 
14 92 
23 35 
33 71 
8 81 
58 89 
59 98 
26 83 
10 68 
40 55 
20 69 
57 60 
34 80 
29 78 
17 36 
6 95 
43 93 
41 85 
62 86 
37 66 
9 11 
64 67 
4 24 
19 38 
2 52 
35 75 
18 76 
44 87 
15 53 
16 72 
47 84 
25 90 
1 96 
5 51 
42 66 
33 74 
32 84 
20 94 
39 71 
26 75 
32 40 
24 47 
9 27 
10 77 
13 48 
3 96 
5 94 
56 57 
76 89 
1 43 
44 79 
12 65 
22 38 
64 72 
51 98 
46 67 
4 39 
6 29 
81 91 
25 80 
34 82 
62 93 
15 92 
42 73 
50 85 
17 23 
47 61 
32 83 
30 55 
2 58 
16 99 
31 63 
7 97 
53 59 
11 88 
52 68 
21 87 
45 90 
8 49 
19 78 
41 74 
28 86 
14 95 
18 36 
54 100 
37 44 
58 70 
26 69 
28 60 
7 75 
6 20 
88 100 
18 52 
64 79 
15 60 
38 72 
21 67 
74 82 
24 37 
11 86 
43 77 
68 78 
10 22 
50 54 
73 98 
46 63 
33 89 
53 94 
8 57 
17 66 
55 97 
56 59 
25 62 
23 85 
5 49 
29 51 
12 48 
13 80 
27 95 
84 87 
3 14 
4 30 
65 91 
36 42 
9 39 
70 90 
61 92 
34 40 
2 81 
16 19 
69 93 
76 99 
31 45 
1 41 
71 83 
35 82 
53 96 
56 78 
2 15 
69 87 
44 54 
36 37 
73 79 
5 97 
61 88 
6 86 
66 85 
80 93 
9 16 
91 100 
25 48 
26 39 
65 71 
22 28 
23 95 
24 98 
52 55 
29 90 
50 99 
43 70 
7 62 
4 14 
31 89 
11 60 
35 41 
10 92 
57 63 
38 42 
32 64 
19 21 
45 83 
12 51 
18 58 
27 67 
68 76 
1 40 
20 81 
13 49 
17 46 
59 74 
77 96 
8 94 
47 82 
3 84 
7 33 
34 75 
41 72 
30 56 
43 91 
1 90 
24 72 
39 45 
55 69 
3 76 
4 33 
27 99 
9 14 
26 62 
21 95 
12 61 
29 65 
8 30 
20 83 
19 84 
48 87 
17 52 
51 92 
59 85 
22 80 
32 38 
28 70 
16 53 
63 78 
23 42 
15 35 
10 34 
74 100 
77 81 
71 73 
36 79 
13 66 
11 18 
49 67 
37 94 
54 57 
93 97 
2 44 
46 89 
5 31 
6 98 
68 75 
25 50 
40 47 
58 60 
64 88 
17 96 
83 86 
24 35 
10 54 
25 46 
80 91 
13 62 
30 87 
12 81 
66 79 
57 89 
37 40 
26 96 
5 52 
9 23 
55 94 
16 86 
43 92 
7 69 
44 71 
28 34 
39 99 
20 82 
50 53 
4 59 
51 77 
45 65 
36 47 
56 75 
49 85 
8 33 
11 98 
29 76 
42 90 
58 72 
21 68 
95 97 
67 78 
3 27 
60 84 
6 74 
1 73 
22 61 
15 88 
32 48 
18 41 
14 63 
19 31 
2 38 
70 100 
37 64 
48 93 
7 31 
10 74 
13 27 
65 79 
77 100 
12 69 
60 90 
16 68 
28 32 
20 50 
9 84 
1 52 
25 66 
95 96 
46 93 
3 33 
61 98 
62 89 
21 29 
39 87 
5 76 
22 58 
64 86 
53 78 
36 92 
56 80 
30 67 
23 63 
8 97 
15 71 
19 75 
44 91 
35 51 
41 45 
47 73 
38 70 
4 57 
54 81 
14 99 
17 49 
26 94 
24 34 
42 83 
18 82 
6 88 
2 40 
55 59 
43 72 
1 11 
85 96 
79 90 
7 14 
73 86 
63 76 
5 21 
71 100 
28 72 
2 62 
60 97 
53 69 
59 95 
84 85 
78 93 
36 98 
38 88 
25 49 
17 27 
32 46 
47 48 
3 57 
34 83 
6 70 
29 82 
41 77 
30 35 
80 87 
26 50 
56 94 
45 61 
12 40 
75 89 
31 91 
54 64 
4 23 
9 33 
24 92 
66 67 
20 65 
18 44 
37 51 
43 74 
39 68 
8 52 
16 55 
19 49 
11 22 
13 31 
33 99 
10 42 
15 32 
79 81 
58 71 
17 21 
41 70 
3 94 
25 97 
53 75 
59 92 
11 20 
22 65 
13 50 
2 48 
77 83 
42 61 
7 23 
12 36 
9 62 
55 66 
46 56 
8 16 
80 99 
44 72 
5 96 
19 57 
52 85 
26 76 
38 60 
14 68 
51 74 
27 63 
35 90 
15 86 
6 34 
78 89 
39 93 
58 98 
28 91 
10 45 
43 54 
47 64 
37 82 
24 29 
73 88 
18 40 
30 95 
67 84 
4 69 
1 100 
81 88 
50 87 
15 45 
60 61 
67 97 
83 98 
44 74 
8 75 
1 24 
31 68 
49 95 
32 51 
26 59 
40 79 
3 62 
13 96 
23 89 
9 46 
33 93 
27 29 
36 72 
7 80 
17 84 
47 57 
87 94 
22 82 
6 54 
11 37 
42 64 
21 55 
18 100 
2 90 
70 78 
30 85 
56 66 
52 99 
34 43 
73 92 
63 69 
38 77 
12 28 
25 39 
14 19 
76 91 
10 71 
35 81 
48 53 
4 16 
41 86 
20 58 
5 57 
65 86 
28 74 
80 95 
3 50 
12 82 
45 73 
39 53 
34 81 
13 30 
31 85 
55 75 
10 98 
16 26 
48 89 
35 38 
8 78 
64 92 
37 58 
19 69 
24 60 
40 54 
36 88 
59 99 
1 44 
51 71 
5 27 
56 97 
41 79 
11 42 
18 65 
14 93 
9 49 
29 43 
33 67 
66 87 
63 84 
4 21 
23 68 
20 90 
83 91 
25 52 
17 62 
47 100 
22 46 
61 70 
7 76 
15 72 
19 94 
6 77 
32 43 
2 64 
96 99 
89 96 
34 73 
16 17 
13 69 
81 92 
22 41 
40 70 
50 67 
48 68 
8 76 
60 65 
5 84 
33 54 
3 46 
32 90 
27 56 
7 49 
24 86 
14 35 
15 47 
57 93 
59 88 
63 66 
79 82 
51 72 
44 98 
9 30 
23 25 
6 37 
21 85 
29 39 
1 58 
42 52 
38 45 
53 97 
12 94 
55 78 
10 91 
11 77 
31 95 
18 83 
75 87 
2 28 
61 71 
62 74 
20 100 
4 80 
36 54 
26 52 
27 71 
30 99 
25 33 
10 79 
1 62 
56 96 
4 50 
23 88 
17 69 
59 89 
57 95 
8 39 
72 83 
48 67 
34 44 
86 100 
43 47 
63 97 
74 81 
12 24 
6 32 
16 93 
22 36 
5 14 
65 92 
78 98 
11 35 
38 91 
41 42 
9 80 
37 61 
15 29 
70 73 
53 84 
19 76 
46 87 
77 90 
7 94 
45 75 
3 49 
13 21 
2 82 
20 64 
26 66 
31 55 
51 60 
40 71 
34 58 
75 85 
18 28 
68 80 
22 24 
62 95 
44 86 
56 76 
19 59 
13 57 
54 61 
1 65 
53 66 
26 31 
11 70 
2 30 
46 72 
7 39 
63 96 
43 45 
47 51 
68 94 
9 69 
82 88 
37 38 
35 64 
17 97 
29 73 
16 25 
10 60 
27 85 
50 55 
52 93 
28 42 
32 81 
84 89 
23 98 
5 33 
49 92 
36 77 
8 21 
41 91 
4 78 
74 83 
14 67 
12 100 
48 99 
3 39 
58 79 
15 20 
6 18 
49 87 
37 90 
20 40 
67 75 
12 38 
56 69 
70 83 
6 47 
44 92 
29 58 
89 94 
33 53 
98 100 
81 86 
68 97 
22 90 
4 27 
13 76 
59 72 
18 51 
15 34 
8 96 
82 91 
17 50 
57 87 
62 85 
5 23 
3 78 
32 65 
11 45 
7 21 
40 77 
19 46 
35 36 
1 10 
24 42 
9 66 
26 30 
28 88 
41 60 
16 95 
63 80 
84 93 
14 55 
25 31 
2 43 
64 74 
52 95 
61 79 
54 73 
9 48 
30 71 
21 99 
18 24 
4 96 
38 74 
29 64 
42 81 
46 55 
2 100 
53 76 
6 91 
51 79 
34 36 
32 58 
17 75 
14 87 
35 44 
25 59 
72 82 
41 98 
13 94 
3 69 
48 63 
31 56 
33 37 
7 66 
23 93 
84 99 
27 89 
43 60 
20 61 
28 71 
26 78 
19 52 
88 90 
15 77 
1 83 
50 68 
57 67 
5 16 
11 12 
54 65 
22 40 
28 45 
85 97 
39 70 
6 92 
10 47 
8 62 
58 86 
49 98 
80 85 
72 73 
31 99 
52 53 
32 36 
5 30 
8 69 
55 62 
75 93 
11 29 
15 91 
17 59 
67 96 
14 88 
22 83 
84 92 
39 89 
66 68 
78 95 
1 81 
24 45 
19 23 
33 79 
76 87 
16 74 
12 41 
18 90 
20 73 
61 86 
25 94 
54 82 
7 46 
37 100 
44 60 
26 27 
48 56 
64 71 
38 47 
35 40 
9 50 
42 43 
2 51 
65 77 
4 49 
10 70 
17 57 
3 97 
13 52 
34 64 
21 63 
55 80 
9 31 
35 61 
27 68 
36 74 
33 85 
39 95 
45 58 
80 89 
15 37 
21 79 
67 76 
44 77 
34 65 
19 96 
23 87 
50 86 
20 38 
63 75 
22 100 
11 54 
32 73 
12 83 
4 48 
7 59 
49 91 
3 30 
8 14 
6 42 
10 72 
53 62 
66 93 
56 84 
25 78 
26 57 
41 47 
13 16 
82 92 
40 88 
2 24 
5 46 
1 51 
43 98 
71 90 
28 29 
69 70 
94 99 
18 81 
89 97 
60 73 
7 52 
38 71 
78 85 
80 88 
18 43 
97 99 
22 44 
32 62 
39 55 
49 68 
30 63 
46 95 
26 84 
42 51 
35 58 
79 83 
12 15 
4 66 
65 70 
93 94 
11 74 
28 92 
2 6 
13 59 
1 64 
34 90 
5 50 
29 100 
33 56 
69 77 
47 96 
31 67 
45 82 
20 41 
21 53 
36 86 
25 75 
16 87 
24 54 
8 27 
14 17 
81 98 
9 76 
3 23 
40 60 
61 72 
10 37 
19 48 
57 99 
61 91 
8 80 
17 94 
19 97 
6 35 
49 63 
59 68 
73 77 
23 26 
22 81 
52 89 
29 38 
11 79 
40 86 
7 30 
15 42 
25 96 
10 88 
37 78 
20 28 
44 70 
57 85 
41 71 
13 14 
9 75 
31 87 
16 34 
65 74 
2 36 
45 51 
3 66 
12 58 
56 62 
24 32 
60 83 
39 67 
76 93 
5 48 
4 46 
21 86 
90 98 
72 100 
64 91 
69 95 
27 53 
55 84 
33 68 
1 82 
18 64 
54 90 
43 79 
92 100 
50 95 
28 47 
2 11 
43 88 
71 82 
58 74 
19 27 
25 69 
3 75 
5 39 
50 63 
10 29 
12 76 
6 60 
17 30 
49 89 
16 85 
7 84 
23 56 
59 93 
9 21 
15 98 
44 47 
34 51 
1 61 
42 65 
26 80 
13 33 
36 70 
22 31 
20 24 
35 46 
8 48 
62 87 
55 96 
72 97 
40 45 
67 94 
78 99 
37 81 
32 41 
54 83 
53 57 
4 52 
14 18 
73 91 
38 92 
66 74 
28 77 
8 31 
29 44 
36 60 
9 96 
27 93 
6 72 
24 71 
48 95 
47 83 
20 49 
69 99 
51 91 
23 67 
77 84 
62 68 
12 73 
35 43 
41 54 
33 87 
1 78 
42 100 
11 92 
86 90 
39 56 
65 98 
45 81 
32 82 
21 25 
14 85 
7 57 
4 76 
15 79 
18 61 
3 52 
34 97 
66 70 
22 64 
30 53 
2 10 
40 91 
17 80 
19 50 
55 76 
16 63 
28 37 
34 38 
5 75 
58 88 
59 87 
94 98 
26 46 
16 89 
13 23 
51 54 
75 99 
37 65 
32 100 
40 74 
2 61 
5 80 
19 39 
66 89 
10 18 
38 86 
9 78 
22 73 
90 92 
72 94 
42 82 
6 79 
60 64 
7 27 
47 58 
67 69 
24 70 
25 57 
31 93 
62 63 
14 53 
12 44 
8 50 
33 95 
48 55 
29 36 
46 85 
49 56 
83 88 
21 45 
43 71 
4 84 
35 73 
3 59 
13 97 
68 96 
11 91 
17 76 
1 15 
20 51 
9 52 
26 33 
30 93 
29 41 
47 81 
64 77 
7 50 
10 86 
27 87 
61 77 
20 43 
74 90 
1 36 
11 72 
17 39 
14 26 
15 70 
63 94 
24 88 
68 84 
8 59 
35 100 
82 98 
54 69 
3 21 
18 38 
25 30 
55 57 
19 66 
79 96 
4 31 
13 46 
75 95 
60 81 
6 22 
32 44 
2 65 
49 99 
23 53 
5 62 
52 67 
45 64 
16 56 
83 92 
40 42 
12 43 
34 41 
48 85 
4 97 
58 91 
13 78 
37 73 
28 54 
71 80 
14 89 
19 30 
17 31 
33 63 
58 77 
3 16 
49 93 
50 56 
46 68 
5 69 
66 99 
37 83 
25 27 
60 100 
1 38 
11 71 
15 74 
39 85 
28 79 
8 84 
26 48 
41 88 
40 98 
94 95 
70 81 
20 76 
7 96 
32 61 
23 55 
9 59 
67 80 
52 87 
6 12 
21 89 
22 51 
72 90 
78 87 
34 52 
2 97 
44 45 
10 35 
75 92 
42 58 
24 91 
20 36 
29 61 
31 53 
62 99 
18 57 
82 86 
47 65 
1 57 
93 96 
53 80 
37 41 
17 48 
28 35 
59 63 
14 60 
8 66 
27 47 
72 81 
38 98 
43 86 
64 70 
76 95 
15 54 
69 89 
19 33 
13 39 
45 100 
21 56 
4 75 
49 55 
36 71 
9 97 
16 42 
30 68 
29 83 
5 78 
25 84 
10 12 
62 67 
40 92 
65 88 
2 73 
11 34 
51 88 
7 48 
32 50 
8 46 
85 94 
24 79 
77 82 
18 96 
1 6 
47 90 
26 49 
73 74 
3 31 
22 23 
20 44 
35 65 
70 82 
25 76 
6 71 
41 92 
4 94 
2 83 
64 98 
36 91 
84 95 
54 58 
15 18 
26 97 
52 56 
12 90 
75 77 
19 62 
33 55 
11 32 
39 63 
21 93 
7 16 
17 78 
5 66 
34 61 
29 40 
57 68 
79 100 
51 86 
71 81 
24 74 
14 25 
10 20 
69 85 
59 67 
9 94 
22 43 
23 99 
3 80 
42 44 
13 75 
1 28 
27 55 
46 53 
30 37 
50 89 
39 60 
40 72 
6 45 
87 96 
38 54 
50 93 
76 85 
18 73 
10 32 
21 26 
66 95 
8 23 
30 89 
44 88 
46 99 
5 59 
12 64 
28 98 
52 63 
31 42 
17 33 
51 70 
58 92 
9 57 
29 81 
68 69 
65 72 
24 77 
11 47 
35 83 
34 100 
90 91 
7 78 
19 80 
36 45 
15 22 
61 74 
3 48 
60 82 
2 41 
49 53 
13 84 
16 67 
4 62 
87 97 
14 56 
27 86 
38 79 
37 43 

47 69 135 163 240 302 314 371 455 476 522 592 629 685 706 770 819 865 910 999 1051 1074 1147 1164 1248 1290 1304 1391 1413 1450 1549 1558 1624 1684 1706 1760 1834 1887 1921 1993 2026 2098 2127 2171 2248 2262 2318 2355 2399 2447 
5 60 114 123 208 288 342 380 409 490 540 559 648 684 732 785 802 870 909 962 1013 1087 1139 1184 1243 1253 1341 1398 1447 1459 1513 1581 1651 1695 1743 1764 1845 1859 1943 1991 2024 2079 2105 2190 2210 2286 2342 2389 2412 2491 
46 59 136 187 215 291 327 393 440 472 527 569 603 676 736 757 839 856 934 974 1037 1058 1109 1160 1235 1298 1308 1388 1417 1471 1506 1564 1604 1666 1741 1796 1827 1872 1948 1978 2045 2081 2111 2185 2243 2274 2309 2403 2444 2489 
10 82 130 204 209 297 317 390 433 460 520 551 613 691 715 780 820 858 928 967 1040 1084 1137 1171 1236 1276 1309 1374 1438 1485 1548 1597 1637 1699 1708 1791 1816 1854 1945 1975 2019 2089 2146 2182 2241 2280 2298 2376 2411 2495 
37 88 141 148 149 254 346 388 413 454 498 563 641 677 723 784 804 884 923 975 1006 1079 1148 1161 1229 1258 1343 1363 1422 1456 1524 1600 1626 1664 1725 1786 1826 1890 1907 1992 2028 2088 2112 2198 2211 2289 2313 2383 2429 2467 
32 95 148 201 214 267 317 357 434 448 509 589 608 699 736 775 848 862 918 950 1010 1085 1130 1172 1205 1260 1344 1390 1446 1473 1534 1576 1649 1681 1722 1799 1807 1861 1897 1980 2024 2055 2116 2157 2221 2284 2336 2399 2409 2454 
30 97 120 168 174 299 341 372 417 480 506 599 628 701 718 797 848 891 924 994 1045 1098 1108 1187 1204 1275 1299 1368 1402 1453 1516 1571 1646 1669 1739 1766 1830 1876 1933 1976 2002 2065 2120 2181 2223 2256 2330 2392 2427 2484 
38 86 90 181 251 280 350 363 404 489 516 583 645 699 733 787 853 894 921 958 1026 1061 1119 1193 1223 1296 1316 1380 1430 1494 1521 1557 1616 1662 1713 1789 1821 1899 1908 1979 2041 2052 2135 2152 2232 2270 2323 2363 2394 2463 
27 96 143 199 214 284 312 400 405 451 504 554 624 664 731 752 843 868 942 997 1021 1101 1135 1157 1239 1263 1311 1364 1412 1486 1518 1567 1632 1679 1731 1771 1836 1850 1941 1953 2044 2075 2123 2155 2216 2250 2333 2379 2441 2475 
10 96 149 188 224 294 334 383 437 457 506 577 630 659 745 783 847 853 931 957 1030 1058 1123 1158 1217 1280 1330 1353 1403 1500 1539 1594 1612 1690 1705 1778 1834 1898 1946 1981 2048 2068 2114 2190 2214 2257 2344 2385 2438 2460 
11 81 122 200 239 263 320 341 454 474 528 581 645 676 746 793 850 885 941 966 1027 1084 1135 1189 1214 1278 1336 1381 1450 1497 1510 1577 1629 1691 1728 1763 1829 1891 1911 1972 2022 2063 2105 2173 2246 2263 2319 2390 2424 2480 
39 70 159 160 245 283 333 382 419 443 550 556 633 662 734 776 827 873 902 983 1028 1068 1110 1166 1231 1286 1314 1358 1407 1481 1517 1590 1605 1688 1721 1794 1804 1891 1927 1974 2018 2082 2115 2167 2231 2295 2336 2385 2420 2468 
44 58 100 161 230 263 330 373 423 477 539 589 638 686 728 788 838 897 901 957 1052 1060 1107 1159 1232 1292 1335 1356 1404 1498 1512 1565 1609 1656 1742 1758 1817 1871 1949 1988 2025 2074 2130 2204 2244 2281 2300 2373 2446 2493 
48 85 150 176 211 262 333 401 408 414 544 555 620 684 710 789 799 865 908 984 1031 1089 1116 1197 1235 1276 1311 1396 1440 1453 1529 1592 1631 1671 1725 1793 1843 1866 1915 1979 2042 2074 2147 2180 2230 2265 2304 2362 2437 2497 
18 66 107 118 215 274 351 394 427 489 551 578 624 677 714 759 829 891 932 972 1017 1060 1143 1177 1209 1253 1329 1393 1431 1501 1533 1552 1647 1672 1733 1798 1820 1886 1912 1961 2018 2066 2124 2183 2248 2266 2320 2370 2417 2487 
16 55 77 184 252 287 309 381 443 469 543 564 614 685 705 758 828 895 909 956 1011 1064 1144 1185 1244 1263 1326 1366 1409 1495 1521 1597 1613 1655 1723 1777 1840 1890 1926 1988 2039 2077 2119 2195 2203 2292 2309 2380 2427 2494 
18 93 108 192 210 293 332 385 437 492 514 565 635 671 702 775 807 849 938 971 1027 1091 1129 1180 1224 1293 1320 1350 1441 1468 1504 1572 1642 1655 1710 1775 1823 1865 1913 1947 2042 2053 2117 2192 2247 2264 2306 2359 2428 2472 
22 83 137 151 184 270 340 377 407 503 525 579 632 694 711 773 814 896 903 992 1014 1070 1141 1198 1207 1287 1336 1395 1445 1490 1545 1580 1630 1693 1751 1799 1819 1853 1928 1999 2006 2099 2147 2184 2214 2275 2352 2398 2417 2459 
35 80 124 166 191 233 328 394 456 473 532 593 609 689 744 763 824 890 931 966 1007 1085 1138 1194 1244 1284 1318 1397 1432 1496 1525 1592 1619 1648 1736 1757 1832 1884 1923 1966 2049 2054 2109 2193 2212 2278 2305 2372 2422 2485 
49 92 139 157 226 262 316 369 425 442 496 571 610 661 737 758 810 888 933 982 1025 1096 1125 1152 1205 1291 1317 1372 1411 1489 1510 1599 1639 1698 1744 1798 1802 1881 1929 1969 2035 2070 2133 2161 2249 2260 2329 2348 2405 2438 
47 73 147 198 232 249 348 358 463 490 535 556 632 700 741 754 816 852 933 965 1048 1080 1099 1191 1211 1284 1313 1385 1420 1456 1504 1579 1637 1682 1742 1789 1830 1852 1951 1962 2036 2090 2123 2179 2239 2274 2337 2375 2426 2461 
16 65 152 170 171 258 339 398 412 484 505 555 649 658 704 753 809 882 904 965 1042 1092 1102 1167 1217 1268 1323 1392 1423 1497 1511 1575 1644 1658 1724 1753 1815 1893 1916 1971 2008 2060 2132 2188 2217 2284 2338 2404 2442 2487 
20 70 110 164 226 273 343 362 445 455 525 587 648 673 719 796 822 881 927 973 1041 1066 1117 1180 1228 1269 1328 1364 1429 1485 1516 1566 1638 1680 1709 1785 1826 1877 1923 1967 2045 2059 2121 2164 2204 2288 2332 2404 2443 2463 
34 78 125 140 230 257 323 336 413 473 542 557 603 671 731 800 812 876 924 977 1026 1095 1137 1156 1213 1270 1305 1352 1443 1487 1543 1558 1620 1670 1721 1753 1835 1853 1922 1991 2040 2084 2133 2158 2226 2268 2347 2396 2436 2479 
19 66 112 203 212 292 320 379 457 491 515 586 637 690 747 769 836 862 914 969 1020 1095 1146 1174 1227 1265 1346 1354 1414 1467 1507 1591 1641 1680 1704 1777 1844 1868 1931 1985 2038 2067 2110 2179 2227 2276 2316 2384 2408 2437 
2 68 134 169 231 267 334 361 450 474 507 594 601 679 720 759 844 876 906 959 1008 1065 1122 1154 1202 1266 1312 1362 1442 1478 1527 1562 1613 1701 1745 1762 1837 1883 1936 1986 2014 2059 2129 2202 2251 2265 2324 2401 2418 2461 
6 98 106 133 208 295 305 389 398 500 526 568 636 680 737 767 803 864 910 996 1046 1070 1110 1157 1233 1288 1310 1388 1404 1468 1531 1569 1626 1668 1702 1779 1816 1879 1936 1955 2041 2095 2109 2156 2223 2258 2316 2364 2448 2498 
21 57 161 175 227 271 328 385 405 498 515 599 601 663 733 761 817 889 934 967 1009 1055 1115 1196 1203 1268 1325 1370 1410 1458 1538 1590 1602 1695 1751 1782 1838 1882 1894 1996 2023 2070 2104 2151 2196 2302 2322 2360 2447 2469 
20 79 117 176 206 268 329 378 418 465 543 562 642 672 717 786 832 859 946 960 1029 1094 1128 1172 1230 1272 1315 1382 1420 1474 1543 1569 1633 1683 1733 1776 1809 1856 1911 1996 2029 2062 2114 2153 2235 2253 2349 2382 2431 2476 
28 76 116 163 237 255 331 374 407 488 531 596 649 695 717 776 833 860 920 982 1016 1044 1111 1183 1236 1302 1316 1357 1428 1476 1546 1583 1609 1679 1703 1764 1837 1851 1907 1978 2012 2065 2117 2189 2252 2276 2305 2381 2450 2464 
49 54 154 183 247 283 347 378 431 479 503 597 622 667 740 770 825 871 905 978 1013 1077 1103 1186 1247 1277 1343 1397 1402 1483 1498 1559 1610 1692 1746 1762 1844 1874 1904 1953 2033 2076 2132 2152 2228 2280 2306 2350 2403 2471 
42 99 150 164 247 269 319 356 429 436 488 568 640 682 721 754 821 845 943 988 1011 1083 1151 1155 1182 1283 1324 1394 1410 1469 1501 1561 1650 1667 1722 1783 1828 1864 1906 1973 2009 2084 2143 2178 2208 2285 2331 2393 2424 2460 
7 87 156 205 223 264 308 355 409 496 536 592 642 696 703 774 814 854 902 988 1053 1102 1118 1150 1221 1299 1309 1380 1417 1486 1499 1568 1634 1665 1704 1786 1811 1875 1924 1957 2030 2097 2130 2170 2233 2251 2307 2372 2423 2472 
7 63 146 202 232 281 311 384 431 499 521 587 636 655 730 762 826 898 945 961 1044 1089 1127 1175 1242 1300 1330 1370 1443 1472 1534 1586 1608 1654 1716 1749 1820 1863 1950 1965 2027 2077 2126 2186 2197 2296 2341 2390 2430 2482 
6 64 132 177 248 287 298 395 421 478 545 582 650 693 703 778 852 855 905 1000 1033 1059 1117 1140 1250 1279 1329 1352 1434 1476 1532 1595 1615 1671 1728 1774 1833 1867 1940 1954 2016 2055 2134 2168 2242 2271 2344 2360 2406 2481 
50 58 104 189 219 260 327 368 422 491 520 583 626 679 718 763 811 868 952 975 1054 1062 1129 1198 1238 1256 1334 1377 1426 1465 1517 1570 1622 1700 1724 1788 1833 1863 1906 1956 2037 2079 2131 2154 2235 2262 2348 2378 2414 2486 
48 74 153 183 242 273 307 397 416 463 537 546 647 680 735 790 830 887 922 956 1023 1063 1134 1200 1213 1256 1338 1361 1400 1491 1542 1577 1618 1681 1732 1773 1801 1875 1934 1961 2048 2069 2142 2196 2207 2301 2315 2358 2450 2500 
3 56 138 169 254 297 300 400 403 404 539 565 617 656 701 791 839 899 925 969 1047 1088 1138 1167 1210 1282 1324 1398 1437 1466 1528 1589 1615 1686 1729 1773 1804 1855 1939 1969 2003 2062 2149 2197 2215 2275 2318 2366 2456 2499 
41 64 123 194 229 277 302 375 430 484 512 595 634 662 743 762 821 879 903 991 1025 1063 1153 1171 1239 1266 1306 1371 1421 1493 1536 1591 1607 1683 1713 1766 1796 1896 1918 1958 2010 2086 2112 2175 2212 2264 2321 2373 2425 2452 
30 86 124 172 210 292 326 366 460 493 519 598 625 657 749 757 804 874 949 997 1008 1052 1124 1155 1242 1290 1347 1361 1447 1481 1545 1563 1621 1659 1748 1802 1831 1893 1940 1990 2046 2064 2139 2191 2209 2294 2326 2387 2431 2453 
35 90 120 192 212 278 353 393 410 487 504 547 631 698 707 794 820 884 901 959 1004 1038 1132 1195 1248 1279 1301 1395 1435 1475 1505 1598 1628 1658 1730 1790 1839 1870 1927 1987 2035 2073 2143 2169 2253 2296 2325 2358 2410 2491 
31 106 158 194 250 261 264 358 438 464 538 596 606 683 726 789 806 866 915 951 1049 1057 1149 1178 1238 1282 1328 1383 1444 1500 1515 1578 1629 1685 1730 1782 1835 1857 1942 1980 2015 2066 2128 2172 2220 2294 2346 2380 2445 2471 
27 82 134 196 234 256 346 387 440 459 523 574 646 689 702 787 838 869 914 970 1045 1078 1131 1164 1215 1274 1303 1367 1449 1492 1540 1586 1633 1650 1718 1768 1845 1880 1942 1994 2006 2101 2106 2168 2240 2260 2295 2367 2442 2500 
46 52 145 174 220 280 330 379 450 482 514 584 615 664 744 780 835 861 936 989 1006 1075 1142 1165 1200 1255 1341 1369 1433 1490 1523 1556 1624 1678 1716 1755 1808 1867 1935 1964 2008 2071 2125 2153 2231 2285 2343 2405 2445 2465 
15 71 128 178 228 301 308 381 447 500 530 561 607 681 729 799 822 875 911 995 1012 1081 1111 1192 1247 1285 1306 1376 1435 1480 1539 1552 1606 1686 1740 1768 1829 1894 1922 1959 2034 2080 2139 2177 2239 2291 2343 2374 2454 2486 
45 72 135 193 225 228 337 386 420 499 550 559 647 669 724 773 832 888 912 981 1049 1082 1106 1170 1220 1293 1342 1354 1416 1469 1520 1567 1644 1666 1737 1765 1832 1858 1933 1992 2013 2089 2134 2202 2236 2281 2312 2394 2449 2466 
14 101 126 127 249 286 331 352 411 501 529 595 616 696 724 765 828 877 908 976 1041 1077 1145 1156 1181 1297 1347 1377 1436 1470 1541 1573 1643 1672 1718 1769 1807 1898 1939 1987 2032 2104 2125 2160 2224 2254 2354 2364 2400 2480 
8 89 152 202 217 266 314 399 402 471 538 562 643 681 735 778 837 878 930 998 1014 1096 1104 1159 1231 1265 1319 1394 1401 1470 1513 1596 1614 1661 1715 1795 1850 1873 1937 1975 2049 2088 2135 2159 2234 2297 2324 2359 2392 2489 
15 53 101 171 240 261 340 392 419 478 546 585 602 682 727 786 846 898 917 980 1018 1087 1113 1193 1229 1292 1337 1379 1441 1467 1496 1560 1632 1669 1741 1787 1800 1901 1945 1977 2011 2056 2118 2161 2237 2287 2310 2377 2401 2492 
29 69 129 182 246 270 344 370 418 501 540 582 607 658 734 772 815 880 922 945 1024 1057 1105 1179 1218 1273 1346 1373 1411 1478 1512 1551 1604 1660 1708 1780 1823 1888 1941 1968 2028 2103 2113 2193 2232 2256 2311 2393 2451 2457 
36 67 144 181 233 293 324 373 452 475 507 566 637 660 739 750 843 858 947 974 1022 1098 1148 1169 1230 1286 1321 1375 1434 1491 1530 1561 1625 1677 1747 1769 1819 1862 1943 1993 2015 2080 2126 2163 2205 2249 2338 2391 2434 2473 
40 92 117 185 236 269 307 382 421 447 502 575 616 688 742 755 840 882 944 979 1036 1067 1139 1190 1207 1271 1320 1363 1413 1494 1526 1585 1641 1685 1701 1781 1847 1884 1905 1949 2002 2061 2146 2185 2250 2290 2335 2341 2419 2470 
11 104 115 175 218 257 306 313 403 482 523 566 651 678 709 783 834 874 950 986 1038 1086 1143 1188 1222 1251 1326 1373 1425 1461 1508 1596 1607 1687 1735 1761 1811 1860 1905 1982 2036 2095 2145 2189 2230 2288 2350 2357 2449 2492 
41 94 98 165 221 290 304 386 402 494 544 560 602 700 742 779 833 892 927 978 1005 1064 1100 1199 1218 1255 1339 1353 1439 1484 1540 1576 1621 1665 1700 1759 1849 1892 1932 1972 2040 2100 2144 2169 2205 2273 2302 2370 2416 2456 
3 95 121 188 216 256 321 367 422 462 549 567 627 660 707 793 812 889 932 987 1039 1075 1124 1183 1225 1271 1307 1365 1448 1495 1519 1579 1611 1689 1746 1780 1843 1858 1909 1952 2010 2096 2137 2194 2234 2277 2332 2377 2423 2448 
33 61 91 201 224 300 325 387 426 427 547 557 625 668 712 764 808 885 936 952 1022 1093 1115 1162 1226 1252 1302 1378 1427 1479 1520 1584 1627 1668 1707 1756 1805 1874 1937 1984 2030 2083 2121 2175 2237 2292 2311 2375 2419 2497 
23 74 160 206 213 282 319 369 406 412 521 588 650 683 708 781 842 870 953 954 1012 1072 1126 1162 1223 1281 1339 1360 1438 1471 1525 1573 1600 1673 1712 1758 1824 1889 1947 1986 2050 2072 2145 2181 2227 2277 2352 2355 2432 2475 
26 59 108 191 238 251 313 372 461 477 534 567 641 691 712 769 813 900 906 964 1035 1101 1120 1184 1201 1287 1348 1384 1423 1503 1537 1599 1618 1684 1749 1797 1809 1864 1900 1959 2016 2082 2108 2199 2224 2299 2308 2346 2416 2474 
5 103 158 177 221 272 311 396 411 481 537 561 633 694 706 795 810 857 904 990 1029 1083 1121 1188 1226 1294 1322 1374 1448 1462 1509 1562 1623 1674 1711 1757 1818 1868 1913 1976 2025 2057 2122 2200 2243 2270 2333 2361 2440 2467 
9 62 105 173 246 295 355 374 399 502 535 558 639 667 705 792 805 857 912 973 1018 1097 1126 1203 1209 1278 1348 1389 1408 1460 1528 1553 1620 1663 1747 1778 1839 1880 1935 2001 2046 2085 2116 2154 2222 2283 2317 2362 2452 2490 
44 75 115 155 241 276 318 350 451 472 532 576 623 690 715 784 807 863 940 994 1039 1065 1093 1181 1241 1259 1314 1392 1418 1480 1515 1553 1645 1696 1732 1759 1848 1881 1930 1954 2047 2051 2127 2184 2210 2259 2331 2349 2430 2488 
1 65 119 173 207 290 352 384 425 465 545 579 612 654 726 790 831 875 929 985 1028 1073 1133 1176 1227 1275 1312 1356 1419 1459 1518 1564 1642 1697 1706 1754 1825 1899 1909 1982 2009 2083 2136 2166 2229 2289 2351 2386 2422 2495 
26 52 107 144 243 278 318 368 435 493 533 581 604 687 713 761 847 869 925 977 1010 1069 1076 1186 1220 1281 1327 1396 1429 1455 1531 1588 1636 1675 1719 1767 1841 1873 1951 1970 2012 2056 2113 2195 2229 2267 2307 2361 2425 2470 
2 91 141 143 209 265 322 367 417 453 516 586 621 687 738 788 849 856 919 986 1007 1090 1136 1168 1208 1283 1349 1400 1424 1484 1541 1578 1617 1651 1744 1774 1846 1856 1938 1950 2026 2093 2099 2188 2222 2255 2291 2368 2413 2468 
12 61 88 199 204 244 321 361 435 446 548 591 635 653 728 797 824 872 921 993 1020 1086 1109 1166 1237 1267 1315 1376 1405 1489 1511 1601 1630 1663 1726 1760 1828 1892 1944 1965 2020 2078 2128 2176 2207 2286 2354 2388 2406 2478 
13 63 137 178 197 298 342 371 429 470 529 600 610 672 751 760 805 892 916 983 1032 1092 1134 1149 1224 1261 1335 1359 1414 1488 1519 1584 1635 1675 1745 1761 1836 1876 1919 1983 2019 2081 2150 2187 2213 2278 2314 2363 2429 2462 
50 81 125 131 227 276 326 354 446 487 534 578 617 697 739 745 835 883 918 963 1019 1078 1136 1170 1211 1288 1337 1387 1428 1488 1547 1554 1634 1660 1715 1793 1803 1889 1914 1963 2033 2086 2140 2164 2225 2290 2334 2386 2440 2494 
34 57 122 190 241 260 324 364 453 497 541 584 608 646 714 794 851 886 949 993 1035 1047 1123 1190 1216 1289 1345 1385 1409 1493 1529 1559 1638 1661 1752 1770 1814 1888 1919 1955 2011 2057 2097 2166 2245 2269 2312 2381 2432 2477 
22 105 111 146 222 288 339 365 441 483 508 552 640 670 729 765 830 855 951 999 1003 1094 1125 1202 1245 1254 1307 1368 1407 1461 1548 1588 1619 1656 1710 1771 1805 1872 1908 1997 2031 2094 2110 2162 2225 2273 2313 2371 2439 2477 
23 85 142 186 236 275 347 362 420 481 511 572 619 654 727 774 803 895 930 968 1016 1099 1105 1201 1240 1274 1325 1399 1437 1473 1505 1582 1645 1659 1734 1763 1806 1896 1946 1997 2020 2071 2131 2187 2226 2266 2328 2368 2407 2473 
1 77 89 197 225 253 349 392 406 408 552 590 644 666 740 755 816 880 937 990 1050 1066 1118 1153 1249 1267 1333 1369 1431 1457 1503 1594 1625 1696 1702 1748 1851 1882 1938 1995 2003 2073 2107 2158 2240 2303 2319 2378 2409 2435 
24 53 111 156 255 303 348 370 458 470 512 597 611 692 719 771 831 878 944 984 996 1072 1144 1168 1210 1301 1305 1384 1449 1458 1523 1570 1647 1677 1714 1765 1818 1869 1903 1981 2047 2092 2138 2157 2219 2263 2339 2365 2453 2478 
37 84 113 121 231 284 325 390 428 486 497 593 638 651 747 756 841 883 938 958 1037 1069 1108 1178 1219 1257 1333 1391 1436 1454 1544 1587 1606 1654 1734 1776 1849 1903 1929 1973 2001 2058 2148 2167 2217 2242 2301 2389 2402 2459 
40 54 110 179 211 282 310 359 432 466 508 553 605 669 743 767 837 860 907 980 1024 1048 1150 1195 1212 1294 1331 1390 1403 1492 1530 1556 1602 1697 1720 1792 1846 1855 1926 1956 2022 2078 2108 2150 2209 2261 2320 2402 2436 2488 
42 102 139 153 159 275 329 359 424 494 505 573 629 692 722 785 806 896 937 976 1034 1097 1140 1154 1204 1300 1345 1378 1432 1482 1508 1557 1611 1694 1740 1750 1803 1865 1910 1970 2038 2075 2111 2198 2206 2282 2345 2376 2421 2446 
31 94 114 195 248 286 301 349 416 495 510 553 639 655 721 771 809 867 913 968 1015 1074 1141 1163 1246 1289 1308 1382 1422 1455 1527 1593 1646 1662 1736 1756 1817 1860 1925 1963 2044 2087 2115 2182 2194 2247 2329 2369 2408 2458 
8 55 119 180 205 277 345 396 445 495 524 600 622 695 741 781 815 864 939 979 1031 1082 1113 1158 1215 1295 1332 1375 1406 1475 1514 1589 1649 1691 1738 1788 1831 1886 1944 1964 2031 2058 2151 2165 2255 2259 2308 2397 2421 2479 
24 62 126 170 253 304 345 377 436 464 513 571 618 665 732 798 818 873 907 961 1033 1081 1128 1194 1216 1252 1327 1387 1425 1464 1535 1582 1616 1689 1727 1791 1827 1883 1920 1985 2004 2069 2141 2171 2216 2300 2340 2383 2428 2484 
43 103 133 195 229 289 315 344 449 471 531 585 614 673 710 798 842 871 929 1003 1034 1067 1106 1165 1208 1257 1334 1359 1405 1452 1502 1563 1628 1676 1705 1797 1848 1862 1924 1962 2017 2063 2101 2183 2221 2279 2322 2396 2433 2499 
39 79 157 186 242 279 310 356 438 449 522 558 611 652 711 782 802 877 939 995 1000 1100 1127 1174 1232 1262 1323 1355 1427 1477 1522 1571 1603 1699 1731 1752 1841 1902 1952 1960 2005 2052 2129 2192 2211 2303 2334 2357 2444 2485 
19 93 109 136 243 299 354 364 426 468 549 580 609 678 725 752 844 897 928 955 1043 1079 1119 1173 1243 1291 1332 1358 1439 1502 1550 1595 1608 1657 1720 1783 1813 1857 1921 1999 2043 2060 2142 2177 2254 2283 2328 2365 2435 2476 
17 100 131 190 218 259 332 391 462 480 527 554 604 668 720 768 836 890 923 1002 1040 1061 1112 1175 1212 1250 1297 1372 1445 1474 1542 1575 1605 1676 1743 1772 1822 1869 1932 1989 2034 2098 2107 2178 2220 2272 2353 2397 2407 2490 
4 51 112 166 168 291 338 363 444 492 518 563 613 686 709 764 823 851 942 987 1019 1076 1122 1182 1249 1285 1317 1351 1444 1472 1514 1555 1640 1693 1714 1792 1806 1887 1916 1974 2017 2085 2144 2160 2238 2293 2315 2382 2412 2481 
43 60 132 165 250 281 303 360 432 476 530 590 619 661 716 801 827 887 946 992 1042 1071 1145 1151 1234 1298 1318 1389 1412 1463 1547 1572 1636 1664 1735 1784 1842 1878 1917 1984 2014 2096 2120 2165 2241 2269 2323 2384 2415 2493 
32 56 113 196 244 285 322 383 444 461 542 598 615 663 750 766 829 863 941 955 1002 1054 1132 1179 1228 1261 1322 1379 1451 1463 1526 1583 1610 1682 1750 1779 1825 1895 1902 1957 2004 2072 2119 2180 2236 2297 2321 2395 2439 2458 
25 102 154 185 213 279 343 401 430 441 510 570 643 665 748 795 846 854 920 981 1032 1071 1133 1196 1214 1260 1351 1366 1424 1454 1533 1598 1601 1670 1717 1755 1813 1900 1930 1968 2037 2064 2090 2174 2215 2257 2353 2367 2434 2498 
17 75 140 200 219 271 338 353 459 475 509 591 630 675 749 756 813 899 926 972 1043 1090 1142 1191 1234 1254 1319 1357 1421 1477 1551 1574 1635 1694 1737 1800 1824 1866 1925 1967 2039 2076 2136 2170 2200 2258 2335 2340 2455 2496 
29 73 116 193 217 222 223 375 415 479 526 564 618 688 722 760 801 893 917 954 1015 1073 1114 1189 1206 1259 1349 1393 1446 1466 1544 1550 1622 1674 1709 1772 1838 1885 1915 1990 2005 2068 2106 2199 2238 2268 2325 2388 2391 2465 
21 78 155 189 239 259 351 376 434 486 519 577 621 653 725 791 823 861 947 970 1004 1056 1120 1163 1221 1277 1342 1360 1419 1482 1535 1566 1614 1653 1711 1784 1810 1879 1918 1960 2000 2061 2118 2203 2213 2304 2337 2371 2451 2464 
33 68 130 167 216 285 312 388 423 456 541 569 628 697 713 777 834 894 926 971 1001 1056 1146 1192 1240 1272 1304 1383 1408 1452 1532 1581 1639 1667 1738 1801 1815 1885 1928 1995 2027 2091 2100 2174 2218 2261 2339 2400 2420 2483 
13 87 162 207 237 272 337 389 424 469 517 588 620 670 716 772 818 881 948 991 1036 1080 1104 1173 1237 1264 1303 1355 1433 1483 1538 1593 1640 1690 1729 1790 1822 1861 1912 1977 2051 2093 2148 2163 2191 2246 2299 2347 2414 2483 
45 76 147 182 252 305 335 365 439 485 513 575 612 652 751 796 825 879 913 953 998 1053 1116 1177 1241 1280 1321 1367 1426 1487 1509 1587 1617 1657 1726 1787 1808 1897 1917 1989 2023 2102 2149 2173 2218 2293 2345 2387 2410 2474 
36 51 109 172 220 274 336 391 448 467 548 576 626 659 698 777 841 850 919 964 1009 1088 1131 1176 1245 1262 1340 1401 1416 1464 1536 1568 1631 1673 1723 1781 1842 1877 1910 1983 2021 2087 2122 2156 2228 2252 2310 2356 2426 2457 
9 83 127 128 180 289 335 380 415 466 511 570 644 693 730 753 845 859 915 948 1005 1051 1152 1161 1222 1296 1338 1365 1442 1479 1506 1574 1648 1688 1739 1770 1810 1871 1931 1998 2021 2053 2140 2201 2219 2267 2327 2395 2411 2441 
4 67 118 145 238 296 323 366 428 468 528 574 631 656 738 768 817 872 940 1001 1030 1062 1130 1197 1233 1269 1313 1386 1415 1462 1546 1560 1603 1692 1712 1754 1840 1847 1920 1958 2013 2094 2103 2159 2233 2282 2327 2369 2415 2462 
25 99 142 179 245 268 316 397 439 458 517 560 606 674 704 792 826 893 911 962 1050 1059 1147 1160 1251 1295 1350 1362 1415 1451 1524 1565 1652 1653 1707 1767 1821 1854 1914 1966 2032 2067 2137 2155 2245 2279 2330 2356 2398 2455 
14 71 151 162 235 258 315 395 442 485 524 572 605 666 748 779 819 866 943 960 1023 1068 1114 1187 1225 1258 1340 1386 1430 1460 1507 1554 1627 1687 1719 1775 1814 1895 1948 2000 2007 2054 2138 2186 2244 2298 2342 2379 2418 2496 
28 72 129 198 235 266 309 360 414 483 536 573 634 674 708 782 840 867 916 985 1046 1103 1121 1169 1219 1270 1344 1381 1418 1465 1537 1555 1612 1678 1727 1785 1812 1870 1901 1994 2043 2091 2124 2176 2201 2272 2326 2366 2413 2469 
12 84 138 167 234 265 294 357 410 452 518 580 623 657 746 800 811 900 935 989 1017 1055 1112 1185 1246 1273 1310 1371 1440 1499 1522 1585 1623 1652 1703 1795 1852 1878 1904 1998 2007 2050 2141 2162 2206 2287 2314 2351 2443 2466 
38 80 97 187 203 296 306 376 433 467 533 594 627 675 723 766 808 886 935 963 1021 1091 1107 1199 1206 1264 1331 1399 1406 1457 1549 1580 1643 1698 1717 1794 1812 1859 1934 1971 2029 2092 2102 2172 2208 2271 2317 2374 2433 2482 