1602 1068 
2 3 
2 2 2 2 2 2 2 2 2 2 2 2 2 2 2 2 2 2 2 2 2 2 2 2 2 2 2 2 2 2 2 2 2 2 2 2 2 2 2 2 2 2 2 2 2 2 2 2 2 2 2 2 2 2 2 2 2 2 2 2 2 2 2 2 2 2 2 2 2 2 2 2 2 2 2 2 2 2 2 2 2 2 2 2 2 2 2 2 2 2 2 2 2 2 2 2 2 2 2 2 2 2 2 2 2 2 2 2 2 2 2 2 2 2 2 2 2 2 2 2 2 2 2 2 2 2 2 2 2 2 2 2 2 2 2 2 2 2 2 2 2 2 2 2 2 2 2 2 2 2 2 2 2 2 2 2 2 2 2 2 2 2 2 2 2 2 2 2 2 2 2 2 2 2 2 2 2 2 2 2 2 2 2 2 2 2 2 2 2 2 2 2 2 2 2 2 2 2 2 2 2 2 2 2 2 2 2 2 2 2 2 2 2 2 2 2 2 2 2 2 2 2 2 2 2 2 2 2 2 2 2 2 2 2 2 2 2 2 2 2 2 2 2 2 2 2 2 2 2 2 2 2 2 2 2 2 2 2 2 2 2 2 2 2 2 2 2 2 2 2 2 2 2 2 2 2 2 2 2 2 2 2 2 2 2 2 2 2 2 2 2 2 2 2 2 2 2 2 2 2 2 2 2 2 2 2 2 2 2 2 2 2 2 2 2 2 2 2 2 2 2 2 2 2 2 2 2 2 2 2 2 2 2 2 2 2 2 2 2 2 2 2 2 2 2 2 2 2 2 2 2 2 2 2 2 2 2 2 2 2 2 2 2 2 2 2 2 2 2 2 2 2 2 2 2 2 2 2 2 2 2 2 2 2 2 2 2 2 2 2 2 2 2 2 2 2 2 2 2 2 2 2 2 2 2 2 2 2 2 2 2 2 2 2 2 2 2 2 2 2 2 2 2 2 2 2 2 2 2 2 2 2 2 2 2 2 2 2 2 2 2 2 2 2 2 2 2 2 2 2 2 2 2 2 2 2 2 2 2 2 2 2 2 2 2 2 2 2 2 2 2 2 2 2 2 2 2 2 2 2 2 2 2 2 2 2 2 2 2 2 2 2 2 2 2 2 2 2 2 2 2 2 2 2 2 2 2 2 2 2 2 2 2 2 2 2 2 2 2 2 2 2 2 2 2 2 2 2 2 2 2 2 2 2 2 2 2 2 2 2 2 2 2 2 2 2 2 2 2 2 2 2 2 2 2 2 2 2 2 2 2 2 2 2 2 2 2 2 2 2 2 2 2 2 2 2 2 2 2 2 2 2 2 2 2 2 2 2 2 2 2 2 2 2 2 2 2 2 2 2 2 2 2 2 2 2 2 2 2 2 2 2 2 2 2 2 2 2 2 2 2 2 2 2 2 2 2 2 2 2 2 2 2 2 2 2 2 2 2 2 2 2 2 2 2 2 2 2 2 2 2 2 2 2 2 2 2 2 2 2 2 2 2 2 2 2 2 2 2 2 2 2 2 2 2 2 2 2 2 2 2 2 2 2 2 2 2 2 2 2 2 2 2 2 2 2 2 2 2 2 2 2 2 2 2 2 2 2 2 2 2 2 2 2 2 2 2 2 2 2 2 2 2 2 2 2 2 2 2 2 2 2 2 2 2 2 2 2 2 2 2 2 2 2 2 2 2 2 2 2 2 2 2 2 2 2 2 2 2 2 2 2 2 2 2 2 2 2 2 2 2 2 2 2 2 2 2 2 2 2 2 2 2 2 2 2 2 2 2 2 2 2 2 2 2 2 2 2 2 2 2 2 2 2 2 2 2 2 2 2 2 2 2 2 2 2 2 2 2 2 2 2 2 2 2 2 2 2 2 2 2 2 2 2 2 2 2 2 2 2 2 2 2 2 2 2 2 2 2 2 2 2 2 2 2 2 2 2 2 2 2 2 2 2 2 2 2 2 2 2 2 2 2 2 2 2 2 2 2 2 2 2 2 2 2 2 2 2 2 2 2 2 2 2 2 2 2 2 2 2 2 2 2 2 2 2 2 2 2 2 2 2 2 2 2 2 2 2 2 2 2 2 2 2 2 2 2 2 2 2 2 2 2 2 2 2 2 2 2 2 2 2 2 2 2 2 2 2 2 2 2 2 2 2 2 2 2 2 2 2 2 2 2 2 2 2 2 2 2 2 2 2 2 2 2 2 2 2 2 2 2 2 2 2 2 2 2 2 2 2 2 2 2 2 2 2 2 2 2 2 2 2 2 2 2 2 2 2 2 2 2 2 2 2 2 2 2 2 2 2 2 2 2 2 2 2 2 2 2 2 2 2 2 2 2 2 2 2 2 2 2 2 2 2 2 2 2 2 2 2 2 2 2 2 2 2 2 2 2 2 2 2 2 2 2 2 2 2 2 2 2 2 2 2 2 2 2 2 2 2 2 2 2 2 2 2 2 2 2 2 2 2 2 2 2 2 2 2 2 2 2 2 2 2 2 2 2 2 2 2 2 2 2 2 2 2 2 2 2 2 2 2 2 2 2 2 2 2 2 2 2 2 2 2 2 2 2 2 2 2 2 2 2 2 2 2 2 2 2 2 2 2 2 2 2 2 2 2 2 2 2 2 2 2 2 2 2 2 2 2 2 2 2 2 2 2 2 2 2 2 2 2 2 2 2 2 2 2 2 2 2 2 2 2 2 2 2 2 2 2 2 2 2 2 2 2 2 2 2 2 2 2 2 2 2 2 2 2 2 2 2 2 2 2 2 2 2 2 2 2 2 2 2 2 2 2 2 2 2 2 2 2 2 2 2 2 2 2 2 2 2 2 2 2 2 2 2 2 2 2 2 2 2 2 2 2 2 2 2 2 2 2 2 2 2 2 2 2 2 2 2 2 2 2 2 2 2 2 2 2 2 2 2 2 2 2 2 2 2 2 2 2 2 2 2 2 2 2 2 2 2 2 2 2 2 2 2 2 2 2 2 2 2 2 2 2 2 2 2 2 2 2 2 2 2 2 2 2 2 2 2 2 2 2 2 2 2 2 2 2 2 2 2 2 2 2 2 2 2 2 2 2 2 2 2 2 2 2 2 2 2 2 2 2 2 2 2 2 2 2 2 2 2 2 2 2 2 2 2 2 2 2 2 2 2 2 2 2 2 2 2 2 2 2 2 2 2 2 2 2 2 2 2 2 2 2 2 2 2 2 2 2 2 2 2 2 2 2 2 2 2 2 2 2 2 2 2 2 2 2 2 2 2 2 2 2 2 2 2 2 2 2 2 2 2 2 2 2 2 2 2 2 2 2 2 2 2 2 2 2 2 2 2 2 2 2 2 2 2 2 2 2 2 2 2 2 2 2 2 2 2 2 2 2 2 2 2 2 2 2 2 2 2 2 2 2 2 2 2 2 2 2 2 2 2 2 2 2 2 2 2 2 2 2 2 2 2 2 2 2 2 2 2 2 2 2 2 2 2 2 2 2 2 2 2 2 2 2 2 2 2 2 2 2 2 2 2 2 2 2 2 2 2 2 2 2 2 2 2 2 2 2 2 2 2 2 2 2 2 2 2 2 2 2 2 2 2 2 2 2 2 2 2 2 2 2 2 2 2 2 2 2 
3 3 3 3 3 3 3 3 3 3 3 3 3 3 3 3 3 3 3 3 3 3 3 3 3 3 3 3 3 3 3 3 3 3 3 3 3 3 3 3 3 3 3 3 3 3 3 3 3 3 3 3 3 3 3 3 3 3 3 3 3 3 3 3 3 3 3 3 3 3 3 3 3 3 3 3 3 3 3 3 3 3 3 3 3 3 3 3 3 3 3 3 3 3 3 3 3 3 3 3 3 3 3 3 3 3 3 3 3 3 3 3 3 3 3 3 3 3 3 3 3 3 3 3 3 3 3 3 3 3 3 3 3 3 3 3 3 3 3 3 3 3 3 3 3 3 3 3 3 3 3 3 3 3 3 3 3 3 3 3 3 3 3 3 3 3 3 3 3 3 3 3 3 3 3 3 3 3 3 3 3 3 3 3 3 3 3 3 3 3 3 3 3 3 3 3 3 3 3 3 3 3 3 3 3 3 3 3 3 3 3 3 3 3 3 3 3 3 3 3 3 3 3 3 3 3 3 3 3 3 3 3 3 3 3 3 3 3 3 3 3 3 3 3 3 3 3 3 3 3 3 3 3 3 3 3 3 3 3 3 3 3 3 3 3 3 3 3 3 3 3 3 3 3 3 3 3 3 3 3 3 3 3 3 3 3 3 3 3 3 3 3 3 3 3 3 3 3 3 3 3 3 3 3 3 3 3 3 3 3 3 3 3 3 3 3 3 3 3 3 3 3 3 3 3 3 3 3 3 3 3 3 3 3 3 3 3 3 3 3 3 3 3 3 3 3 3 3 3 3 3 3 3 3 3 3 3 3 3 3 3 3 3 3 3 3 3 3 3 3 3 3 3 3 3 3 3 3 3 3 3 3 3 3 3 3 3 3 3 3 3 3 3 3 3 3 3 3 3 3 3 3 3 3 3 3 3 3 3 3 3 3 3 3 3 3 3 3 3 3 3 3 3 3 3 3 3 3 3 3 3 3 3 3 3 3 3 3 3 3 3 3 3 3 3 3 3 3 3 3 3 3 3 3 3 3 3 3 3 3 3 3 3 3 3 3 3 3 3 3 3 3 3 3 3 3 3 3 3 3 3 3 3 3 3 3 3 3 3 3 3 3 3 3 3 3 3 3 3 3 3 3 3 3 3 3 3 3 3 3 3 3 3 3 3 3 3 3 3 3 3 3 3 3 3 3 3 3 3 3 3 3 3 3 3 3 3 3 3 3 3 3 3 3 3 3 3 3 3 3 3 3 3 3 3 3 3 3 3 3 3 3 3 3 3 3 3 3 3 3 3 3 3 3 3 3 3 3 3 3 3 3 3 3 3 3 3 3 3 3 3 3 3 3 3 3 3 3 3 3 3 3 3 3 3 3 3 3 3 3 3 3 3 3 3 3 3 3 3 3 3 3 3 3 3 3 3 3 3 3 3 3 3 3 3 3 3 3 3 3 3 3 3 3 3 3 3 3 3 3 3 3 3 3 3 3 3 3 3 3 3 3 3 3 3 3 3 3 3 3 3 3 3 3 3 3 3 3 3 3 3 3 3 3 3 3 3 3 3 3 3 3 3 3 3 3 3 3 3 3 3 3 3 3 3 3 3 3 3 3 3 3 3 3 3 3 3 3 3 3 3 3 3 3 3 3 3 3 3 3 3 3 3 3 3 3 3 3 3 3 3 3 3 3 3 3 3 3 3 3 3 3 3 3 3 3 3 3 3 3 3 3 3 3 3 3 3 3 3 3 3 3 3 3 3 3 3 3 3 3 3 3 3 3 3 3 3 3 3 3 3 3 3 3 3 3 3 3 3 3 3 3 3 3 3 3 3 3 3 3 3 3 3 3 3 3 3 3 3 3 3 3 3 3 3 3 3 3 3 3 3 3 3 3 3 3 3 3 3 3 3 3 3 3 3 3 3 3 3 3 3 3 3 3 3 3 3 3 3 3 3 3 3 3 3 3 3 3 3 3 3 3 3 3 3 3 3 3 3 3 3 3 3 3 3 3 3 3 3 3 3 3 3 3 3 3 3 3 3 3 3 3 3 3 3 3 3 3 3 3 3 3 3 3 3 3 3 3 3 3 3 3 3 3 3 3 3 3 3 3 3 3 3 3 3 3 3 3 3 3 3 3 3 3 3 3 3 3 3 3 3 3 3 3 3 3 3 3 3 3 3 3 3 3 3 3 3 3 3 3 3 3 3 3 3 3 3 3 3 3 3 3 3 3 3 3 3 3 3 3 3 3 3 3 3 3 3 3 3 3 3 3 3 3 3 3 3 3 3 3 3 3 3 3 3 3 3 3 3 3 3 3 3 3 3 3 3 3 3 3 3 3 3 3 3 3 3 3 3 3 3 3 3 3 3 3 3 3 3 3 3 3 3 3 3 3 3 3 3 3 3 3 3 3 3 3 3 3 

113 336 
162 731 
872 906 
591 873 
429 635 
425 703 
193 315 
34 458 
191 355 
142 951 
161 571 
293 815 
513 782 
673 811 
166 210 
268 884 
371 842 
201 826 
75 342 
226 939 
322 685 
420 475 
58 600 
442 991 
20 1010 
225 963 
105 677 
285 1053 
303 622 
669 1004 
796 852 
510 992 
187 753 
65 1061 
347 555 
237 251 
668 683 
539 1042 
849 1016 
913 1041 
120 652 
739 772 
665 846 
354 489 
602 897 
5 432 
533 723 
70 679 
994 1049 
382 767 
521 565 
400 945 
156 346 
1054 1067 
843 1006 
370 1026 
639 712 
377 950 
657 844 
295 438 
126 173 
490 1059 
605 833 
67 487 
472 579 
553 1025 
223 656 
851 977 
352 1020 
504 813 
387 885 
713 924 
385 666 
24 132 
537 835 
621 778 
131 1000 
744 966 
190 674 
16 175 
311 404 
9 419 
314 532 
931 1045 
380 541 
327 845 
171 791 
184 286 
11 326 
390 978 
660 1028 
122 820 
189 206 
628 728 
714 911 
737 855 
232 881 
282 671 
531 726 
364 649 
106 117 
337 1018 
682 720 
707 1046 
317 476 
520 932 
664 1055 
735 867 
195 341 
89 755 
356 488 
324 507 
319 524 
670 817 
496 904 
348 694 
50 802 
334 803 
538 585 
757 997 
250 667 
573 787 
401 840 
202 499 
383 452 
116 168 
241 841 
603 637 
52 895 
21 151 
678 702 
145 814 
397 969 
252 928 
623 1066 
128 799 
68 179 
560 770 
350 611 
412 1032 
199 321 
914 1048 
427 497 
169 875 
138 299 
119 910 
91 925 
281 948 
641 936 
3 779 
95 742 
646 837 
300 968 
740 1030 
99 618 
559 970 
182 405 
471 636 
211 1017 
554 1039 
528 762 
359 502 
402 847 
435 614 
111 445 
759 793 
786 1036 
662 810 
280 423 
534 1056 
745 930 
899 989 
170 733 
153 961 
262 915 
152 883 
224 329 
923 1022 
643 857 
379 519 
450 758 
457 766 
104 215 
557 878 
28 944 
4 403 
777 1031 
836 900 
564 856 
41 672 
675 805 
258 576 
32 428 
69 140 
781 1058 
257 543 
236 964 
40 213 
634 734 
123 1007 
444 581 
98 186 
59 1008 
816 1038 
174 478 
467 807 
112 415 
378 631 
608 965 
124 246 
183 645 
312 338 
275 829 
716 892 
266 789 
604 747 
80 417 
83 687 
859 902 
780 1023 
724 775 
143 271 
165 650 
208 595 
244 710 
248 907 
270 330 
188 482 
133 986 
260 958 
398 880 
584 695 
207 754 
912 1001 
659 690 
77 983 
249 422 
332 551 
79 1040 
63 689 
14 115 
192 823 
389 698 
651 1035 
194 830 
44 245 
580 721 
137 540 
298 927 
135 410 
17 284 
569 998 
388 696 
254 592 
2 727 
292 515 
933 1002 
27 729 
609 719 
542 785 
686 773 
328 365 
436 626 
367 589 
339 470 
196 1033 
43 357 
653 681 
761 1047 
640 661 
46 297 
283 447 
47 242 
220 725 
360 705 
692 1044 
19 160 
100 1014 
492 566 
102 473 
544 886 
158 699 
118 493 
74 200 
247 972 
752 870 
221 1009 
941 954 
586 889 
230 274 
233 987 
587 798 
294 765 
790 937 
76 462 
801 1021 
101 511 
424 547 
239 433 
253 800 
7 96 
409 548 
769 947 
366 392 
60 860 
862 957 
421 625 
218 624 
23 1063 
157 831 
288 518 
459 918 
45 606 
567 655 
583 638 
456 708 
391 617 
289 1065 
430 434 
149 598 
393 516 
13 1034 
185 349 
94 824 
48 879 
6 255 
441 903 
376 530 
952 1068 
155 1052 
205 974 
527 896 
374 597 
351 1024 
763 774 
228 920 
73 340 
159 865 
353 550 
150 506 
291 503 
57 108 
464 529 
709 743 
455 806 
53 418 
399 909 
229 741 
431 446 
887 956 
39 129 
154 369 
114 570 
240 483 
49 494 
465 822 
85 750 
768 1051 
235 574 
84 178 
8 693 
891 929 
596 601 
344 1012 
180 384 
578 975 
277 512 
593 764 
308 949 
35 809 
146 222 
552 1064 
688 700 
212 439 
443 526 
267 776 
848 888 
940 1037 
64 718 
874 1029 
55 304 
644 938 
658 894 
484 748 
306 981 
463 523 
549 868 
305 825 
141 486 
265 942 
88 296 
620 898 
30 231 
588 866 
66 461 
163 261 
272 414 
426 466 
629 876 
264 794 
784 999 
691 901 
408 967 
893 1019 
87 877 
362 1013 
495 1043 
54 1003 
86 411 
109 795 
29 633 
468 676 
136 448 
134 864 
139 926 
335 648 
607 808 
832 1027 
10 81 
756 971 
307 854 
480 819 
61 290 
797 871 
684 916 
562 853 
167 982 
358 454 
31 82 
238 479 
613 812 
943 993 
125 568 
279 917 
522 561 
590 973 
110 960 
148 990 
905 934 
147 582 
107 259 
680 704 
386 736 
217 514 
381 821 
325 996 
72 979 
197 509 
181 861 
269 437 
301 701 
22 730 
333 615 
318 988 
278 323 
828 882 
97 320 
287 995 
368 697 
121 172 
316 654 
177 935 
440 839 
209 361 
62 919 
310 1060 
363 449 
485 804 
276 706 
92 984 
394 460 
711 890 
396 594 
545 946 
93 273 
599 749 
546 921 
491 738 
18 980 
198 413 
243 407 
216 373 
176 955 
144 536 
313 501 
51 505 
26 922 
227 985 
612 760 
610 722 
78 256 
127 976 
309 751 
572 577 
25 263 
203 219 
477 732 
451 1062 
345 1050 
331 627 
630 1015 
234 850 
453 1005 
36 563 
556 834 
619 858 
42 302 
616 863 
37 406 
164 953 
56 372 
15 647 
517 558 
792 962 
1 788 
818 838 
500 663 
130 508 
416 469 
632 908 
746 783 
717 1057 
498 525 
90 642 
33 869 
474 575 
375 771 
12 481 
395 535 
715 827 
38 1011 
71 204 
214 959 
103 343 
243 329 
20 1028 
8 261 
418 675 
396 1050 
110 651 
648 654 
61 850 
658 813 
272 443 
3 384 
328 994 
548 943 
215 317 
12 692 
336 607 
669 811 
628 1057 
211 514 
233 985 
603 918 
321 557 
143 1020 
605 690 
456 686 
403 569 
123 983 
185 1032 
937 997 
555 882 
44 276 
78 421 
99 630 
102 806 
234 825 
22 49 
613 916 
528 705 
80 863 
204 546 
397 828 
671 866 
699 842 
655 954 
501 1031 
408 592 
781 1052 
244 947 
643 958 
465 905 
585 674 
273 1010 
719 1068 
492 963 
679 797 
305 1037 
154 849 
726 805 
715 729 
559 871 
103 304 
502 831 
574 632 
851 950 
88 767 
426 440 
474 547 
203 398 
768 890 
598 697 
174 458 
625 661 
135 516 
98 740 
281 400 
106 420 
550 1067 
186 470 
286 442 
81 657 
278 433 
28 52 
294 360 
738 872 
242 1030 
77 220 
283 880 
761 874 
332 779 
107 672 
62 113 
168 601 
158 460 
959 1002 
105 575 
259 594 
208 451 
448 962 
134 515 
374 587 
15 857 
104 159 
511 544 
1 342 
466 817 
390 584 
323 720 
536 543 
83 521 
641 769 
289 766 
665 695 
454 507 
122 184 
387 1035 
385 1025 
401 578 
32 704 
54 868 
995 1018 
331 993 
248 430 
619 666 
506 519 
132 434 
618 713 
415 789 
405 773 
58 980 
757 931 
822 1007 
69 381 
532 912 
376 1004 
314 688 
221 815 
146 965 
566 812 
365 858 
138 149 
219 377 
860 944 
362 438 
391 1005 
155 791 
76 907 
760 972 
565 750 
375 770 
217 577 
599 894 
759 778 
47 193 
411 730 
357 676 
541 855 
367 893 
941 961 
288 717 
424 446 
183 689 
349 886 
133 326 
904 1063 
419 431 
366 439 
354 682 
452 982 
245 788 
517 533 
23 653 
260 758 
10 973 
188 616 
614 783 
472 952 
175 545 
240 735 
6 409 
53 955 
762 777 
163 919 
638 1038 
40 319 
477 667 
395 723 
109 312 
564 902 
59 254 
121 1054 
496 1044 
479 629 
839 976 
427 698 
21 862 
303 534 
493 790 
100 117 
359 924 
586 1029 
327 518 
787 1022 
956 967 
177 846 
207 998 
191 480 
34 635 
115 137 
266 836 
17 920 
481 1058 
4 984 
75 810 
179 834 
37 1066 
111 299 
621 747 
130 324 
33 844 
7 535 
94 981 
854 899 
610 930 
352 489 
173 527 
505 626 
693 957 
364 999 
388 978 
167 732 
733 1023 
251 380 
90 144 
42 938 
5 832 
412 1016 
226 1046 
379 539 
140 792 
86 429 
112 945 
567 879 
262 833 
469 906 
176 330 
108 162 
373 1055 
869 979 
494 1065 
449 606 
180 339 
722 1062 
279 568 
128 678 
473 881 
165 1011 
74 785 
46 928 
549 1047 
38 199 
745 949 
250 256 
124 987 
793 802 
265 782 
212 964 
363 488 
298 780 
120 170 
31 282 
119 830 
784 910 
503 718 
652 1051 
308 897 
499 921 
11 537 
152 356 
275 378 
748 775 
65 334 
178 951 
235 596 
896 992 
205 966 
422 940 
21 808 
486 590 
292 990 
864 991 
225 508 
853 948 
218 523 
270 799 
513 892 
242 551 
350 662 
213 647 
129 922 
192 736 
300 749 
35 284 
194 525 
487 795 
142 277 
464 471 
571 663 
731 865 
45 131 
2 343 
309 315 
85 325 
712 887 
73 656 
157 520 
27 576 
50 236 
126 634 
43 542 
89 570 
461 989 
223 946 
751 1001 
290 708 
338 877 
538 908 
14 561 
345 929 
399 1043 
114 683 
255 436 
55 291 
664 803 
287 497 
156 840 
322 347 
19 72 
214 1034 
335 728 
29 885 
752 800 
382 1012 
417 968 
145 583 
482 813 
703 709 
295 410 
370 602 
51 82 
691 933 
320 771 
227 1019 
498 743 
500 1021 
127 268 
232 917 
310 668 
41 841 
246 786 
512 1006 
579 1060 
413 706 
444 694 
710 809 
136 756 
216 1009 
702 726 
847 1064 
95 763 
160 271 
206 681 
463 673 
344 1033 
895 1000 
30 116 
552 969 
609 725 
845 1059 
224 509 
824 935 
1042 1056 
148 467 
333 623 
311 746 
139 293 
195 1017 
30 190 
510 939 
659 660 
554 755 
93 197 
257 816 
633 829 
82 627 
649 703 
707 888 
490 654 
228 529 
406 450 
386 700 
269 302 
18 346 
428 986 
936 1014 
67 71 
634 848 
97 530 
237 267 
258 716 
573 734 
65 926 
522 838 
404 927 
392 747 
19 141 
13 843 
737 1053 
454 684 
238 476 
263 974 
249 1048 
952 1039 
873 953 
122 807 
483 859 
101 589 
252 595 
604 852 
125 819 
617 889 
118 540 
164 670 
645 826 
351 445 
371 923 
563 639 
389 925 
315 823 
268 591 
407 680 
36 593 
60 488 
208 1026 
316 901 
68 307 
56 459 
714 1040 
63 341 
934 1068 
875 942 
198 350 
26 644 
696 765 
296 837 
79 200 
210 611 
468 804 
580 724 
491 636 
727 1045 
120 435 
484 650 
96 187 
531 1024 
16 970 
84 166 
229 495 
425 903 
15 615 
348 368 
772 814 
818 997 
441 558 
239 556 
580 878 
301 306 
150 201 
393 432 
126 394 
169 798 
253 358 
572 898 
64 209 
337 971 
608 900 
313 978 
744 820 
353 721 
355 582 
182 801 
39 161 
9 241 
87 499 
804 911 
191 455 
553 975 
197 915 
452 640 
478 1065 
66 278 
475 809 
562 608 
54 453 
222 1015 
9 891 
70 280 
285 742 
369 589 
642 772 
25 685 
457 485 
247 701 
385 600 
739 764 
264 1027 
147 909 
884 988 
827 875 
171 1063 
741 796 
264 1013 
230 524 
383 861 
593 1008 
447 870 
631 1003 
24 637 
504 754 
437 663 
624 771 
17 416 
274 758 
48 414 
800 977 
183 620 
172 650 
346 1049 
526 1061 
267 774 
189 883 
560 914 
92 616 
56 462 
351 581 
372 646 
318 1036 
753 794 
153 1061 
91 136 
202 297 
588 711 
960 1003 
181 687 
361 1045 
622 645 
151 876 
345 677 
856 1041 
982 996 
867 932 
157 913 
57 629 
427 821 
340 679 
612 776 
329 835 
231 423 
402 597 
196 459 
395 525 
261 731 
628 1005 
507 661 
146 324 
408 536 
389 472 
298 923 
685 991 
548 890 
112 625 
49 200 
304 561 
148 828 
399 793 
223 355 
588 727 
34 357 
124 426 
222 880 
867 1015 
11 660 
907 930 
862 987 
88 1062 
31 115 
233 605 
177 528 
622 999 
565 965 
687 950 
627 1023 
974 1064 
167 520 
310 549 
287 874 
404 1046 
202 745 
272 825 
711 787 
626 888 
708 941 
335 885 
535 620 
948 980 
802 881 
125 392 
363 791 
808 986 
658 961 
359 853 
221 469 
258 402 
327 1034 
219 812 
432 723 
356 900 
475 664 
623 889 
106 309 
295 826 
379 498 
72 724 
354 557 
686 922 
192 816 
239 550 
59 688 
203 206 
564 836 
340 635 
71 296 
662 843 
169 882 
751 872 
656 1024 
319 453 
121 657 
409 493 
387 450 
107 1004 
833 1016 
97 446 
445 917 
320 372 
285 301 
694 852 
271 989 
451 669 
185 976 
211 794 
865 893 
558 1047 
401 421 
373 567 
653 732 
457 559 
24 811 
275 1002 
52 481 
714 869 
391 512 
701 765 
405 968 
228 414 
217 761 
134 513 
746 790 
144 740 
16 604 
631 905 
139 417 
128 970 
297 841 
230 1018 
253 859 
114 516 
697 806 
415 895 
377 400 
637 864 
110 198 
430 847 
613 781 
370 770 
170 896 
311 503 
181 619 
779 1008 
690 777 
367 873 
364 960 
151 824 
448 651 
94 953 
87 397 
517 691 
1025 1041 
86 585 
436 749 
689 728 
331 863 
643 845 
485 854 
403 527 
577 611 
22 66 
959 971 
118 456 
152 328 
292 375 
738 739 
418 911 
464 887 
369 390 
775 797 
249 552 
442 546 
760 1019 
305 462 
655 1033 
70 212 
178 194 
322 431 
537 886 
659 763 
224 972 
63 1007 
64 80 
526 571 
344 877 
743 1059 
675 1043 
132 684 
174 489 
154 380 
447 1000 
479 544 
245 822 
362 934 
48 897 
368 484 
168 468 
601 973 
42 504 
508 595 
920 993 
20 919 
554 709 
140 201 
407 988 
199 366 
229 429 
38 179 
176 1011 
533 609 
25 977 
108 737 
563 1026 
396 764 
161 1051 
492 892 
832 1035 
227 539 
384 673 
332 597 
515 692 
545 720 
129 248 
166 247 
495 933 
615 719 
587 870 
984 1037 
683 985 
214 231 
652 712 
486 909 
349 519 
235 958 
583 710 
184 594 
339 1048 
801 916 
61 510 
610 1022 
463 715 
502 1021 
283 376 
46 325 
263 532 
60 672 
127 1013 
796 1039 
931 967 
293 1030 
153 155 
358 361 
150 981 
596 898 
29 964 
58 530 
302 996 
700 858 
130 699 
265 879 
98 131 
79 337 
490 1053 
560 840 
81 465 
147 195 
236 381 
299 792 
270 542 
636 666 
440 633 
668 1054 
241 1055 
529 820 
682 901 
425 1028 
232 1060 
422 944 
578 754 
598 676 
85 1058 
36 831 
575 942 
93 829 
343 814 
606 677 
284 338 
12 35 
135 342 
2 795 
83 927 
641 860 
393 819 
473 784 
725 835 
491 540 
274 957 
884 1057 
286 522 
4 27 
696 753 
951 1031 
788 1029 
78 671 
142 1040 
250 954 
50 541 
41 300 
848 1050 
215 786 
143 279 
205 638 
5 43 
209 990 
501 574 
73 306 
156 815 
722 906 
40 1020 
347 500 
599 851 
584 995 
210 607 
91 163 
32 89 
371 555 
878 915 
14 252 
123 162 
240 914 
570 695 
524 678 
573 994 
171 471 
3 291 
556 647 
117 437 
187 1067 
410 411 
138 388 
145 827 
767 992 
207 912 
96 104 
189 1012 
487 773 
158 936 
333 766 
57 480 
435 1009 
617 876 
26 618 
109 600 
90 521 
547 783 
752 850 
312 394 
759 846 
75 251 
190 910 
713 838 
334 902 
748 774 
141 164 
259 667 
182 998 
612 908 
76 913 
6 736 
243 805 
307 497 
95 706 
353 756 
99 891 
254 1014 
116 428 
74 817 
476 821 
466 581 
51 100 
220 460 
276 318 
281 949 
511 871 
294 330 
321 1036 
77 160 
260 733 
269 470 
755 842 
856 943 
642 857 
101 734 
569 590 
649 899 
133 928 
477 543 
482 1017 
903 969 
7 975 
316 434 
768 855 
534 702 
193 603 
149 717 
341 947 
8 921 
266 441 
592 837 
514 939 
523 681 
23 648 
186 406 
204 412 
729 742 
433 562 
62 419 
225 830 
68 630 
1 53 
218 531 
424 810 
624 721 
213 894 
382 591 
646 730 
478 496 
111 196 
538 789 
439 1042 
955 963 
47 670 
693 1038 
255 444 
237 374 
420 586 
716 1066 
180 674 
45 238 
640 946 
119 216 
172 945 
413 1044 
234 741 
735 868 
256 461 
308 458 
257 776 
289 483 
92 317 
113 621 
883 937 
505 979 
398 705 
28 506 
378 924 
173 360 
778 780 
566 839 
226 1010 
551 579 
572 956 
582 929 
455 744 
438 803 
13 861 
383 1032 
423 449 
365 785 
246 614 
680 866 
326 553 
757 983 
105 262 
698 769 
175 818 
348 932 
718 849 
313 1001 
55 352 
509 918 
639 935 
69 282 
273 314 
386 467 
103 665 
750 1027 
632 707 
18 518 
37 704 
303 798 
782 925 
336 940 
165 416 
84 807 
568 1049 
137 576 
67 280 
938 962 
10 474 
288 443 
244 799 
844 904 
823 834 
277 926 
33 644 
188 1056 
602 1006 
39 44 
323 762 
494 966 
159 1052 
102 290 

515 638 1509 
255 844 1379 
150 545 1424 
186 746 1389 
46 769 1402 
326 713 1458 
301 754 1489 
361 537 1496 
82 1026 1039 
419 707 1589 
89 811 1125 
528 549 1377 
322 950 1555 
241 861 1417 
512 635 1003 
80 999 1213 
251 744 1065 
479 936 1578 
277 871 949 
25 536 1291 
130 729 821 
452 570 1250 
309 705 1501 
74 1061 1201 
495 1044 1300 
487 986 1441 
258 850 1389 
185 616 1544 
411 874 1344 
393 909 921 
429 804 1129 
193 652 1414 
525 753 1595 
8 741 1121 
370 836 1377 
504 975 1371 
509 749 1579 
531 794 1297 
351 1025 1598 
198 718 1408 
190 892 1397 
507 768 1288 
267 853 1402 
246 565 1598 
313 843 1528 
271 792 1333 
273 687 1521 
325 1067 1284 
355 570 1115 
117 851 1396 
486 883 1469 
129 616 1203 
346 714 1509 
408 653 1037 
381 866 1569 
511 980 1077 
342 1096 1438 
23 663 1345 
203 723 1171 
305 976 1335 
423 542 1328 
465 625 1506 
240 982 1271 
379 1017 1272 
34 815 945 
395 1034 1250 
64 939 1587 
137 979 1508 
194 666 1572 
48 1040 1265 
532 939 1175 
447 871 1166 
337 848 1405 
284 791 1466 
19 747 1448 
295 680 1457 
236 620 1476 
491 566 1393 
239 989 1351 
217 573 1272 
419 614 1354 
429 883 928 
218 643 1380 
360 1000 1584 
357 846 1370 
409 774 1242 
405 1027 1239 
391 599 1128 
110 854 1414 
524 767 1443 
147 1083 1413 
470 1076 1539 
475 925 1373 
324 755 1238 
151 903 1461 
301 997 1433 
457 941 1186 
202 608 1350 
155 567 1463 
278 732 1469 
297 960 1482 
280 568 1602 
534 595 1575 
183 636 1433 
27 629 1563 
101 610 1163 
441 624 1184 
342 780 1301 
410 721 1442 
437 540 1225 
165 750 1517 
207 775 1114 
1 625 1540 
353 864 1220 
241 742 1129 
126 909 1465 
101 732 1426 
283 965 1252 
146 805 1530 
41 803 995 
460 724 1181 
92 648 958 
200 561 1418 
210 797 1122 
433 963 1150 
61 852 1013 
492 889 1336 
136 788 1216 
351 833 1312 
518 752 1348 
77 843 1350 
74 659 1277 
229 697 1485 
414 633 1210 
250 607 1378 
413 899 1083 
248 742 1586 
145 674 1429 
415 919 1215 
194 773 1293 
389 949 1453 
10 839 1394 
222 557 1400 
484 767 1212 
132 878 1430 
371 671 1108 
440 1050 1355 
438 916 1117 
320 674 1494 
340 1011 1342 
130 1090 1236 
176 812 1253 
174 1082 1340 
352 591 1279 
330 679 1340 
53 869 1406 
310 849 1095 
282 627 1436 
338 636 1601 
277 904 1476 
11 1025 1304 
2 780 1418 
396 716 1413 
510 966 1453 
223 790 1583 
15 1000 1313 
427 764 1137 
126 626 1286 
144 1014 1177 
173 803 1229 
87 1053 1423 
460 1070 1531 
61 759 1546 
205 605 1278 
80 711 1565 
483 779 1298 
462 738 1131 
360 816 1266 
137 748 1297 
365 785 1527 
449 1087 1231 
157 1024 1455 
211 695 1069 
88 648 1325 
323 562 1193 
202 612 1502 
33 997 1427 
228 708 1596 
93 1074 1434 
79 921 1449 
9 740 1029 
242 834 1169 
7 687 1493 
245 837 1266 
109 920 1355 
266 1103 1517 
448 925 1031 
480 985 1225 
141 794 1295 
284 989 1115 
18 1011 1293 
124 1084 1141 
496 602 1172 
532 574 1503 
331 819 1401 
93 905 1172 
233 739 1432 
224 631 977 
464 1017 1403 
15 990 1412 
159 553 1194 
374 800 1265 
198 832 1513 
533 872 1319 
183 548 1399 
482 900 1530 
444 684 1209 
308 827 1510 
496 675 1158 
274 620 1470 
287 670 1155 
371 1038 1123 
67 856 1119 
177 913 1270 
26 825 1507 
20 771 1549 
488 886 1307 
336 932 1208 
348 1001 1296 
290 1056 1218 
393 1101 1319 
97 890 1366 
291 554 1130 
502 569 1533 
359 817 1323 
197 851 1356 
36 942 1524 
430 953 1528 
299 1008 1170 
354 712 1419 
127 1026 1362 
273 619 830 
481 535 1459 
225 582 1591 
246 703 1282 
210 893 1559 
285 1046 1313 
226 656 1312 
237 955 1260 
121 796 1395 
36 766 1448 
134 961 1417 
300 1015 1219 
254 723 1464 
326 865 1523 
491 796 1535 
196 926 1537 
192 943 1156 
441 630 1454 
230 706 1477 
396 537 1105 
175 777 1563 
495 954 1334 
400 1049 1055 
390 799 1349 
215 743 1497 
376 942 1073 
16 889 973 
450 935 1478 
227 828 1358 
222 904 1191 
397 544 1142 
475 586 1573 
290 1066 1386 
213 813 1202 
469 565 1471 
367 839 1594 
455 615 1034 
434 787 1400 
169 1040 1587 
148 609 1472 
98 804 1572 
272 621 1332 
251 836 1376 
28 1041 1189 
88 613 1388 
458 868 1139 
311 693 1590 
318 645 1538 
423 858 1602 
341 866 1424 
256 823 1254 
12 919 1339 
293 617 1474 
60 881 1164 
391 988 1175 
271 1084 1217 
249 802 1111 
145 750 1357 
153 835 1397 
451 1010 1189 
507 935 1346 
29 730 1580 
381 595 1116 
388 590 1263 
385 1010 1405 
421 979 1460 
369 809 1536 
493 845 1163 
466 891 1138 
81 918 1230 
212 721 1446 
485 1020 1568 
83 669 1573 
7 845 972 
461 978 1490 
105 548 1539 
454 1080 1471 
113 718 1180 
457 885 1188 
141 556 1475 
21 870 1267 
455 641 1599 
112 752 1108 
446 846 1333 
89 697 1561 
86 735 1157 
262 546 1253 
177 535 1100 
227 779 1474 
500 655 1245 
238 623 1309 
453 917 1437 
118 815 1451 
416 873 1146 
1 550 1582 
102 1018 1351 
212 859 1376 
265 785 1326 
337 1098 1174 
109 982 1495 
19 638 1378 
534 844 1374 
364 907 1274 
499 862 1091 
53 936 1071 
35 870 1409 
116 1004 1566 
323 696 1322 
139 831 985 
334 968 1078 
69 758 1569 
339 1022 1462 
44 701 1167 
9 1023 1119 
111 812 1160 
267 689 1121 
428 1015 1341 
162 733 1154 
275 617 1546 
464 1088 1341 
406 677 1283 
467 801 1151 
100 762 1235 
262 673 1558 
304 700 1295 
264 691 1234 
459 1004 1285 
352 1042 1258 
56 882 1228 
17 969 1415 
511 1079 1188 
482 781 1198 
333 634 1524 
527 683 1254 
328 668 1332 
58 675 1223 
208 813 1545 
180 772 1165 
85 766 1279 
445 666 1356 
50 876 1514 
125 1057 1556 
365 545 1308 
73 650 1047 
443 934 1574 
71 649 1183 
253 763 1429 
243 971 1110 
90 640 1258 
317 678 1205 
304 948 1150 
321 1012 1382 
471 1013 1446 
529 720 1104 
473 539 1303 
133 575 1239 
231 602 1543 
347 863 1118 
52 609 1223 
123 651 1197 
163 1102 1156 
186 560 1248 
81 947 1140 
157 662 1207 
509 933 1502 
481 974 1294 
403 580 1109 
302 713 1182 
250 881 1428 
409 688 1428 
140 770 1503 
480 896 1532 
397 1067 1208 
207 661 1222 
519 1065 1583 
217 877 1215 
346 538 1256 
82 699 1506 
22 610 1525 
307 566 1197 
237 820 1367 
169 1101 1557 
298 694 1511 
6 1002 1365 
398 600 1122 
143 728 1097 
193 937 1465 
5 774 1296 
319 656 1226 
349 699 1267 
46 1012 1159 
299 615 1505 
319 659 1490 
164 995 1439 
263 865 1243 
450 1063 1426 
60 677 1554 
374 700 1519 
463 600 1360 
327 1007 1497 
24 613 1261 
375 544 1590 
201 897 1523 
165 968 1187 
349 694 1186 
272 1059 1280 
413 632 1237 
467 784 1557 
181 933 1183 
498 631 1192 
125 702 1032 
503 1037 1180 
428 647 952 
345 1029 1553 
316 559 1252 
182 1045 1200 
8 605 1536 
312 980 1103 
471 627 1470 
395 855 1535 
295 1077 1263 
386 906 1330 
343 840 1257 
356 584 1354 
398 639 1468 
206 916 1574 
412 991 1286 
519 778 1155 
265 612 1478 
158 840 1423 
65 710 1110 
280 789 1383 
526 601 1589 
22 1035 1161 
105 953 1467 
497 719 1486 
205 1033 1516 
430 726 1281 
422 740 1438 
528 745 1203 
228 879 1487 
354 959 1538 
384 996 1285 
468 1045 1247 
389 822 1321 
64 838 1435 
111 801 976 
44 758 1278 
62 931 1352 
478 993 1385 
279 588 1305 
283 731 1182 
355 783 1600 
407 1001 1314 
115 725 1516 
143 868 1460 
523 887 1165 
124 810 1027 
517 888 1409 
485 579 1404 
162 596 1331 
341 807 1230 
70 1062 1288 
486 760 1542 
340 658 1544 
112 647 1107 
518 825 1289 
448 913 1570 
32 922 1328 
297 637 1473 
367 894 1205 
13 829 1210 
444 553 1499 
256 633 1310 
321 607 1220 
513 704 1240 
311 735 1578 
180 658 1322 
106 849 1137 
51 643 1443 
435 946 1388 
386 827 1500 
113 1056 1421 
523 837 1104 
375 1072 1273 
332 759 1248 
161 572 1131 
343 932 1363 
328 941 1345 
99 998 1510 
83 667 1334 
47 704 1299 
170 730 1492 
529 754 1147 
484 642 1109 
75 811 1268 
119 860 1518 
38 772 1307 
248 965 1385 
85 690 1396 
260 853 1358 
196 642 1486 
281 637 1281 
474 711 1311 
477 574 1261 
298 601 1444 
302 547 1113 
387 793 1138 
339 611 1170 
238 830 1550 
372 910 1260 
66 1030 1561 
160 924 1292 
35 564 1415 
505 1008 1425 
184 556 1167 
513 1007 1196 
156 594 1200 
138 1075 1353 
435 861 1116 
426 1036 1505 
504 970 1302 
189 722 1173 
51 682 1133 
279 672 1548 
314 776 1198 
433 787 1585 
252 560 1483 
353 854 1420 
11 841 1273 
494 1016 1551 
122 944 1422 
359 597 1404 
526 629 1372 
192 850 1586 
494 684 1249 
366 651 1368 
65 895 1550 
247 992 1009 
201 1078 1468 
440 1023 1552 
315 878 1324 
232 640 1411 
119 585 1242 
289 734 1525 
292 634 1316 
394 1085 1120 
264 960 1042 
436 822 1483 
4 973 1514 
254 580 1498 
368 975 1058 
473 630 1325 
224 961 1289 
363 817 1343 
333 1102 1309 
320 604 1369 
476 685 1410 
23 1047 1442 
363 626 1287 
45 882 1597 
128 555 1493 
216 962 1213 
63 558 1130 
313 784 1375 
417 550 1412 
209 1019 1036 
259 911 1299 
490 757 1329 
139 990 1249 
489 1099 1456 
431 571 1227 
164 709 1559 
453 1003 1315 
508 708 1076 
317 964 1440 
155 660 1441 
506 657 1231 
392 1069 1147 
76 751 1540 
29 1089 1132 
135 917 1162 
308 1064 1512 
307 606 1114 
263 760 1144 
500 928 1135 
94 552 1106 
399 726 1096 
501 567 1508 
208 1060 1214 
520 597 1577 
411 927 1360 
199 852 940 
5 741 1174 
158 993 1359 
128 1061 1224 
315 717 1401 
57 970 1571 
270 1032 1529 
149 644 1381 
524 1043 1481 
179 583 1246 
382 986 1595 
211 967 1089 
152 1079 1515 
512 832 1425 
416 541 1501 
100 929 1484 
223 996 1070 
244 540 1237 
41 808 1320 
268 705 1199 
461 541 931 
314 578 1264 
67 848 1179 
59 614 1181 
383 543 1153 
235 923 1269 
91 923 1125 
270 606 1107 
168 831 1176 
517 841 1063 
107 867 1161 
43 646 1575 
73 657 1359 
121 719 1454 
37 891 1361 
30 551 1192 
114 966 1521 
98 576 1393 
190 624 1335 
14 906 1308 
79 585 1527 
191 538 1276 
412 689 1369 
27 1091 1375 
131 788 1421 
48 589 1098 
442 974 1560 
268 905 1500 
103 701 1364 
37 864 1318 
425 952 1277 
21 1044 1112 
261 559 1168 
218 1087 1134 
373 669 1171 
240 695 1244 
235 558 1233 
402 884 1240 
276 549 1310 
361 761 1522 
116 897 1190 
232 646 1420 
253 987 1390 
459 604 1221 
243 728 1564 
282 577 1348 
373 934 1347 
451 1046 1206 
131 901 1492 
6 880 929 
442 652 1579 
275 572 1543 
469 896 1461 
104 930 1577 
316 858 1145 
344 880 1292 
225 898 1324 
472 1085 1143 
57 847 1320 
72 660 1450 
95 981 1204 
530 593 1330 
214 943 1526 
522 693 1494 
379 807 1567 
259 587 1315 
103 641 1311 
247 1022 1512 
490 786 1407 
47 720 1159 
221 992 1166 
274 911 1384 
99 592 901 
255 994 1120 
94 873 1244 
258 593 1504 
452 688 1515 
2 842 1105 
497 764 1199 
173 765 1477 
199 944 1482 
108 712 1534 
443 834 1458 
96 951 1301 
478 618 1255 
42 1048 1255 
154 608 1212 
348 1054 1533 
151 1041 1504 
344 887 1275 
78 1021 1553 
171 795 1141 
521 918 1211 
216 751 948 
384 814 1452 
476 835 1243 
357 682 1576 
493 857 1178 
286 875 1445 
33 1081 1390 
233 1062 1368 
110 924 1479 
420 899 1462 
120 664 1562 
181 706 1066 
166 686 1447 
489 681 1262 
269 622 1209 
161 715 1599 
335 903 1269 
368 1048 1303 
293 987 1206 
182 645 1437 
50 599 1431 
358 603 1491 
303 644 1564 
138 683 1228 
527 885 1064 
42 1005 1043 
261 662 1435 
335 1073 1452 
221 814 1259 
376 1099 1537 
187 715 1233 
76 686 1547 
150 623 1232 
220 802 1547 
195 581 1227 
13 799 1581 
521 709 1444 
401 806 1383 
260 791 1558 
167 893 1399 
122 736 1143 
515 703 1392 
215 661 1518 
294 731 1211 
87 679 1151 
514 773 1357 
166 798 1118 
400 1081 1194 
410 838 1379 
31 1054 1337 
424 589 1259 
292 1014 1580 
136 828 1591 
300 875 1068 
296 1024 1327 
117 798 1149 
118 867 1554 
468 991 1028 
191 592 1459 
345 568 1221 
206 958 1584 
417 821 1152 
370 898 1035 
168 747 1511 
14 551 1201 
431 672 1158 
70 543 879 
132 1005 1374 
12 670 1406 
204 926 1169 
114 639 1466 
516 1006 1565 
422 963 1382 
92 1021 1363 
445 1097 1467 
356 665 1282 
242 972 1593 
324 914 1236 
388 569 1142 
18 967 1164 
530 1052 1430 
456 575 1117 
213 927 1373 
245 805 1507 
310 596 1371 
418 769 1306 
63 777 1185 
505 748 1593 
75 1100 1384 
188 743 1173 
152 988 1498 
516 946 1450 
463 727 1548 
123 869 1353 
127 892 1217 
17 577 1479 
55 950 1176 
59 753 1592 
86 912 1246 
43 738 1447 
163 902 1226 
377 940 1398 
39 591 1567 
502 542 1445 
68 598 1410 
31 962 1190 
426 826 1154 
421 756 1247 
96 690 1491 
189 1092 1480 
179 635 1481 
506 673 1347 
219 959 1219 
305 676 1381 
449 1057 1555 
306 729 1127 
508 573 1245 
414 824 1224 
338 842 1195 
394 576 1560 
108 1094 1124 
387 653 1534 
525 782 1204 
286 1059 1316 
424 594 1473 
3 618 1178 
4 957 1234 
380 622 1139 
144 984 1052 
399 1090 1440 
405 859 1274 
184 1009 1416 
325 776 1349 
231 621 1123 
97 789 1149 
456 564 1177 
176 1074 1541 
16 1051 1387 
71 874 1146 
281 696 1268 
350 847 1257 
377 930 1144 
289 964 1162 
472 603 1113 
362 1039 1463 
214 829 1305 
404 691 1195 
383 685 1513 
129 908 1222 
332 818 1229 
45 809 1284 
392 1016 1343 
172 756 1484 
188 1019 1160 
402 978 1364 
219 722 1451 
327 1002 1488 
115 698 1592 
439 584 1214 
3 778 1407 
226 680 1126 
520 860 1456 
347 1050 1321 
146 806 1449 
95 1028 1256 
234 667 1432 
40 1095 1457 
142 1075 1419 
175 1031 1416 
425 571 1327 
434 890 1187 
312 555 1570 
465 716 1291 
336 744 1290 
477 810 1496 
487 833 1168 
178 969 1111 
72 733 1545 
147 971 1581 
415 945 1594 
249 947 1380 
134 792 1485 
362 862 1552 
171 757 1126 
84 664 1338 
106 1094 1566 
257 884 1314 
439 983 1283 
462 914 1571 
149 938 1436 
294 563 1541 
382 768 1588 
20 922 1499 
378 820 1582 
288 692 1145 
390 984 1372 
432 547 1480 
185 676 1367 
52 775 1531 
474 856 1529 
303 582 1495 
148 826 1148 
369 795 1472 
58 598 1134 
10 816 1391 
329 710 956 
510 957 1238 
288 578 1395 
483 714 1520 
350 737 1551 
306 761 1386 
230 583 1323 
533 628 1251 
437 1086 1235 
174 692 1153 
514 632 1588 
26 588 1520 
197 800 1344 
209 671 1133 
78 819 1600 
403 737 1338 
153 877 1207 
133 910 1488 
156 999 1216 
420 1018 1251 
285 681 1270 
436 707 1287 
331 954 1136 
366 1030 1489 
492 727 1193 
68 1068 1300 
90 763 1020 
447 782 1542 
479 663 1148 
385 755 1342 
427 702 1093 
236 561 1562 
470 746 1317 
488 554 1318 
229 937 1152 
291 797 1127 
454 1051 1294 
172 855 1191 
438 823 1403 
24 824 1112 
32 818 1431 
432 655 1290 
49 546 1422 
458 654 1411 
446 1093 1346 
120 563 1006 
252 739 1455 
401 762 1132 
77 908 1280 
234 857 1568 
257 628 1202 
408 1060 1086 
30 668 1184 
503 678 1106 
55 894 1597 
200 665 1271 
203 1058 1232 
287 900 1439 
25 586 1549 
531 790 1298 
364 876 1434 
406 1055 1336 
278 938 1464 
501 1038 1124 
39 770 1185 
159 920 1487 
102 654 1218 
404 886 1262 
69 557 1408 
296 888 1331 
178 736 1329 
220 765 1135 
334 998 1179 
66 650 1241 
56 977 1302 
418 1049 1576 
91 536 1365 
380 734 1392 
154 619 1339 
187 579 1391 
140 562 1556 
266 907 1264 
322 872 1157 
244 649 1306 
167 1080 1475 
378 590 1317 
204 717 1522 
160 956 1337 
239 981 1394 
40 1092 1241 
38 915 1519 
407 863 1276 
276 725 1532 
84 994 1088 
104 771 1140 
269 793 1196 
142 955 1326 
49 1071 1585 
499 539 1398 
358 808 1304 
330 581 1601 
28 951 1352 
54 724 1361 
107 781 1362 
170 915 1596 
522 552 1387 
195 745 1370 
62 912 1275 
466 895 1366 
34 1072 1082 
498 786 1128 
309 698 1053 
372 902 1136 
318 783 1033 
135 749 1526 
54 611 1427 
329 587 983 